  33               1) Number of atoms in the seed
  sc    xyz    1) Lattice type    2) Seed format((3D-)indices or xyz coordinates)
 manual 0 0 0
   49.0 49.0 49.0
   49.0 49.0 50.0
   49.0 49.0 51.0
   49.0 50.0 49.0
   49.0 50.0 50.0
   49.0 50.0 51.0
   49.0 51.0 49.0
   49.0 51.0 50.0
   49.0 51.0 51.0
   50.0 49.0 49.0
   50.0 49.0 50.0
   50.0 49.0 51.0
   50.0 50.0 49.0
   50.0 50.0 50.0
   50.0 50.0 51.0
   50.0 51.0 49.0
   50.0 51.0 50.0
   50.0 51.0 51.0
   51.0 49.0 49.0
   51.0 49.0 50.0
   51.0 49.0 51.0
   51.0 50.0 49.0
   51.0 50.0 50.0
   51.0 50.0 51.0
   51.0 51.0 49.0
   51.0 51.0 50.0
   51.0 51.0 51.0
   50.0 50.0 48.0
   50.0 50.0 52.0
   50.0 48.0 50.0 
   50.0 52.0 50.0
   48.0 50.0 50.0
   52.0 50.0 50.0
