  595               1) Number of atoms in the seed
  sc    coord    1) Lattice type    2) Seed format((3D-)indices or coord coordinates)
 manual 0 0 0
    1.0  1.0 49.0
    2.0  1.0 49.0
    3.0  1.0 49.0
    4.0  1.0 49.0
    5.0  1.0 49.0
    6.0  1.0 49.0
    7.0  1.0 49.0
    8.0  1.0 49.0
    9.0  1.0 49.0
   10.0  1.0 49.0
   11.0  1.0 49.0
   12.0  1.0 49.0
   13.0  1.0 49.0
   14.0  1.0 49.0
   15.0  1.0 49.0
   16.0  1.0 49.0
   17.0  1.0 49.0
   18.0  1.0 49.0
   19.0  1.0 49.0
   20.0  1.0 49.0
   21.0  1.0 49.0
   22.0  1.0 49.0
   23.0  1.0 49.0
   24.0  1.0 49.0
   25.0  1.0 49.0
   26.0  1.0 49.0
   27.0  1.0 49.0
   28.0  1.0 49.0
   29.0  1.0 49.0
   30.0  1.0 49.0
   31.0  1.0 49.0
   32.0  1.0 49.0
   33.0  1.0 49.0
   34.0  1.0 49.0
   35.0  1.0 49.0
   36.0  1.0 49.0
   37.0  1.0 49.0
   38.0  1.0 49.0
   39.0  1.0 49.0
   40.0  1.0 49.0
   41.0  1.0 49.0
   42.0  1.0 49.0
   43.0  1.0 49.0
   44.0  1.0 49.0
   45.0  1.0 49.0
   46.0  1.0 49.0
   47.0  1.0 49.0
   48.0  1.0 49.0
   49.0  1.0 49.0
   50.0  1.0 49.0
   51.0  1.0 49.0
   52.0  1.0 49.0
   53.0  1.0 49.0
   54.0  1.0 49.0
   55.0  1.0 49.0
   56.0  1.0 49.0
   57.0  1.0 49.0
   58.0  1.0 49.0
   59.0  1.0 49.0
   60.0  1.0 49.0
   61.0  1.0 49.0
   62.0  1.0 49.0
   63.0  1.0 49.0
   64.0  1.0 49.0
   65.0  1.0 49.0
   66.0  1.0 49.0
   67.0  1.0 49.0
   68.0  1.0 49.0
   69.0  1.0 49.0
   70.0  1.0 49.0
   71.0  1.0 49.0
   72.0  1.0 49.0
   73.0  1.0 49.0
   74.0  1.0 49.0
   75.0  1.0 49.0
   76.0  1.0 49.0
   77.0  1.0 49.0
   78.0  1.0 49.0
   79.0  1.0 49.0
   80.0  1.0 49.0
   81.0  1.0 49.0
   82.0  1.0 49.0
   83.0  1.0 49.0
   84.0  1.0 49.0
   85.0  1.0 49.0
   86.0  1.0 49.0
   87.0  1.0 49.0
   88.0  1.0 49.0
   89.0  1.0 49.0
   90.0  1.0 49.0
   91.0  1.0 49.0
   92.0  1.0 49.0
   93.0  1.0 49.0
   94.0  1.0 49.0
   95.0  1.0 49.0
   96.0  1.0 49.0
   97.0  1.0 49.0
   98.0  1.0 49.0
   99.0  1.0 49.0
    1.0  2.0 49.0
    2.0  2.0 49.0
    3.0  2.0 49.0
    4.0  2.0 49.0
    5.0  2.0 49.0
    6.0  2.0 49.0
    7.0  2.0 49.0
    8.0  2.0 49.0
    9.0  2.0 49.0
   10.0  2.0 49.0
   11.0  2.0 49.0
   12.0  2.0 49.0
   13.0  2.0 49.0
   14.0  2.0 49.0
   15.0  2.0 49.0
   16.0  2.0 49.0
   17.0  2.0 49.0
   18.0  2.0 49.0
   19.0  2.0 49.0
   20.0  2.0 49.0
   21.0  2.0 49.0
   22.0  2.0 49.0
   23.0  2.0 49.0
   24.0  2.0 49.0
   25.0  2.0 49.0
   26.0  2.0 49.0
   27.0  2.0 49.0
   28.0  2.0 49.0
   29.0  2.0 49.0
   30.0  2.0 49.0
   31.0  2.0 49.0
   32.0  2.0 49.0
   33.0  2.0 49.0
   34.0  2.0 49.0
   35.0  2.0 49.0
   36.0  2.0 49.0
   37.0  2.0 49.0
   38.0  2.0 49.0
   39.0  2.0 49.0
   40.0  2.0 49.0
   41.0  2.0 49.0
   42.0  2.0 49.0
   43.0  2.0 49.0
   44.0  2.0 49.0
   45.0  2.0 49.0
   46.0  2.0 49.0
   47.0  2.0 49.0
   48.0  2.0 49.0
   49.0  2.0 49.0
   50.0  2.0 49.0
   51.0  2.0 49.0
   52.0  2.0 49.0
   53.0  2.0 49.0
   54.0  2.0 49.0
   55.0  2.0 49.0
   56.0  2.0 49.0
   57.0  2.0 49.0
   58.0  2.0 49.0
   59.0  2.0 49.0
   60.0  2.0 49.0
   61.0  2.0 49.0
   62.0  2.0 49.0
   63.0  2.0 49.0
   64.0  2.0 49.0
   65.0  2.0 49.0
   66.0  2.0 49.0
   67.0  2.0 49.0
   68.0  2.0 49.0
   69.0  2.0 49.0
   70.0  2.0 49.0
   71.0  2.0 49.0
   72.0  2.0 49.0
   73.0  2.0 49.0
   74.0  2.0 49.0
   75.0  2.0 49.0
   76.0  2.0 49.0
   77.0  2.0 49.0
   78.0  2.0 49.0
   79.0  2.0 49.0
   80.0  2.0 49.0
   81.0  2.0 49.0
   82.0  2.0 49.0
   83.0  2.0 49.0
   84.0  2.0 49.0
   85.0  2.0 49.0
   86.0  2.0 49.0
   87.0  2.0 49.0
   88.0  2.0 49.0
   89.0  2.0 49.0
   90.0  2.0 49.0
   91.0  2.0 49.0
   92.0  2.0 49.0
   93.0  2.0 49.0
   94.0  2.0 49.0
   95.0  2.0 49.0
   96.0  2.0 49.0
   97.0  2.0 49.0
   98.0  2.0 49.0
   99.0  2.0 49.0
    1.0  3.0 49.0
    2.0  3.0 49.0
    3.0  3.0 49.0
    4.0  3.0 49.0
    5.0  3.0 49.0
    6.0  3.0 49.0
    7.0  3.0 49.0
    8.0  3.0 49.0
    9.0  3.0 49.0
   10.0  3.0 49.0
   11.0  3.0 49.0
   12.0  3.0 49.0
   13.0  3.0 49.0
   14.0  3.0 49.0
   15.0  3.0 49.0
   16.0  3.0 49.0
   17.0  3.0 49.0
   18.0  3.0 49.0
   19.0  3.0 49.0
   20.0  3.0 49.0
   21.0  3.0 49.0
   22.0  3.0 49.0
   23.0  3.0 49.0
   24.0  3.0 49.0
   25.0  3.0 49.0
   26.0  3.0 49.0
   27.0  3.0 49.0
   28.0  3.0 49.0
   29.0  3.0 49.0
   30.0  3.0 49.0
   31.0  3.0 49.0
   32.0  3.0 49.0
   33.0  3.0 49.0
   34.0  3.0 49.0
   35.0  3.0 49.0
   36.0  3.0 49.0
   37.0  3.0 49.0
   38.0  3.0 49.0
   39.0  3.0 49.0
   40.0  3.0 49.0
   41.0  3.0 49.0
   42.0  3.0 49.0
   43.0  3.0 49.0
   44.0  3.0 49.0
   45.0  3.0 49.0
   46.0  3.0 49.0
   47.0  3.0 49.0
   48.0  3.0 49.0
   49.0  3.0 49.0
   50.0  3.0 49.0
   51.0  3.0 49.0
   52.0  3.0 49.0
   53.0  3.0 49.0
   54.0  3.0 49.0
   55.0  3.0 49.0
   56.0  3.0 49.0
   57.0  3.0 49.0
   58.0  3.0 49.0
   59.0  3.0 49.0
   60.0  3.0 49.0
   61.0  3.0 49.0
   62.0  3.0 49.0
   63.0  3.0 49.0
   64.0  3.0 49.0
   65.0  3.0 49.0
   66.0  3.0 49.0
   67.0  3.0 49.0
   68.0  3.0 49.0
   69.0  3.0 49.0
   70.0  3.0 49.0
   71.0  3.0 49.0
   72.0  3.0 49.0
   73.0  3.0 49.0
   74.0  3.0 49.0
   75.0  3.0 49.0
   76.0  3.0 49.0
   77.0  3.0 49.0
   78.0  3.0 49.0
   79.0  3.0 49.0
   80.0  3.0 49.0
   81.0  3.0 49.0
   82.0  3.0 49.0
   83.0  3.0 49.0
   84.0  3.0 49.0
   85.0  3.0 49.0
   86.0  3.0 49.0
   87.0  3.0 49.0
   88.0  3.0 49.0
   89.0  3.0 49.0
   90.0  3.0 49.0
   91.0  3.0 49.0
   92.0  3.0 49.0
   93.0  3.0 49.0
   94.0  3.0 49.0
   95.0  3.0 49.0
   96.0  3.0 49.0
   97.0  3.0 49.0
   98.0  3.0 49.0
   99.0  3.0 49.0
    1.0  4.0 49.0
    2.0  4.0 49.0
    3.0  4.0 49.0
    4.0  4.0 49.0
    5.0  4.0 49.0
    6.0  4.0 49.0
    7.0  4.0 49.0
    8.0  4.0 49.0
    9.0  4.0 49.0
   10.0  4.0 49.0
   11.0  4.0 49.0
   12.0  4.0 49.0
   13.0  4.0 49.0
   14.0  4.0 49.0
   15.0  4.0 49.0
   16.0  4.0 49.0
   17.0  4.0 49.0
   18.0  4.0 49.0
   19.0  4.0 49.0
   20.0  4.0 49.0
   21.0  4.0 49.0
   22.0  4.0 49.0
   23.0  4.0 49.0
   24.0  4.0 49.0
   25.0  4.0 49.0
   26.0  4.0 49.0
   27.0  4.0 49.0
   28.0  4.0 49.0
   29.0  4.0 49.0
   30.0  4.0 49.0
   31.0  4.0 49.0
   32.0  4.0 49.0
   33.0  4.0 49.0
   34.0  4.0 49.0
   35.0  4.0 49.0
   36.0  4.0 49.0
   37.0  4.0 49.0
   38.0  4.0 49.0
   39.0  4.0 49.0
   40.0  4.0 49.0
   41.0  4.0 49.0
   42.0  4.0 49.0
   43.0  4.0 49.0
   44.0  4.0 49.0
   45.0  4.0 49.0
   46.0  4.0 49.0
   47.0  4.0 49.0
   48.0  4.0 49.0
   49.0  4.0 49.0
   50.0  4.0 49.0
   51.0  4.0 49.0
   52.0  4.0 49.0
   53.0  4.0 49.0
   54.0  4.0 49.0
   55.0  4.0 49.0
   56.0  4.0 49.0
   57.0  4.0 49.0
   58.0  4.0 49.0
   59.0  4.0 49.0
   60.0  4.0 49.0
   61.0  4.0 49.0
   62.0  4.0 49.0
   63.0  4.0 49.0
   64.0  4.0 49.0
   65.0  4.0 49.0
   66.0  4.0 49.0
   67.0  4.0 49.0
   68.0  4.0 49.0
   69.0  4.0 49.0
   70.0  4.0 49.0
   71.0  4.0 49.0
   72.0  4.0 49.0
   73.0  4.0 49.0
   74.0  4.0 49.0
   75.0  4.0 49.0
   76.0  4.0 49.0
   77.0  4.0 49.0
   78.0  4.0 49.0
   79.0  4.0 49.0
   80.0  4.0 49.0
   81.0  4.0 49.0
   82.0  4.0 49.0
   83.0  4.0 49.0
   84.0  4.0 49.0
   85.0  4.0 49.0
   86.0  4.0 49.0
   87.0  4.0 49.0
   88.0  4.0 49.0
   89.0  4.0 49.0
   90.0  4.0 49.0
   91.0  4.0 49.0
   92.0  4.0 49.0
   93.0  4.0 49.0
   94.0  4.0 49.0
   95.0  4.0 49.0
   96.0  4.0 49.0
   97.0  4.0 49.0
   98.0  4.0 49.0
   99.0  4.0 49.0
    1.0  5.0 49.0
    2.0  5.0 49.0
    3.0  5.0 49.0
    4.0  5.0 49.0
    5.0  5.0 49.0
    6.0  5.0 49.0
    7.0  5.0 49.0
    8.0  5.0 49.0
    9.0  5.0 49.0
   10.0  5.0 49.0
   11.0  5.0 49.0
   12.0  5.0 49.0
   13.0  5.0 49.0
   14.0  5.0 49.0
   15.0  5.0 49.0
   16.0  5.0 49.0
   17.0  5.0 49.0
   18.0  5.0 49.0
   19.0  5.0 49.0
   20.0  5.0 49.0
   21.0  5.0 49.0
   22.0  5.0 49.0
   23.0  5.0 49.0
   24.0  5.0 49.0
   25.0  5.0 49.0
   26.0  5.0 49.0
   27.0  5.0 49.0
   28.0  5.0 49.0
   29.0  5.0 49.0
   30.0  5.0 49.0
   31.0  5.0 49.0
   32.0  5.0 49.0
   33.0  5.0 49.0
   34.0  5.0 49.0
   35.0  5.0 49.0
   36.0  5.0 49.0
   37.0  5.0 49.0
   38.0  5.0 49.0
   39.0  5.0 49.0
   40.0  5.0 49.0
   41.0  5.0 49.0
   42.0  5.0 49.0
   43.0  5.0 49.0
   44.0  5.0 49.0
   45.0  5.0 49.0
   46.0  5.0 49.0
   47.0  5.0 49.0
   48.0  5.0 49.0
   49.0  5.0 49.0
   50.0  5.0 49.0
   51.0  5.0 49.0
   52.0  5.0 49.0
   53.0  5.0 49.0
   54.0  5.0 49.0
   55.0  5.0 49.0
   56.0  5.0 49.0
   57.0  5.0 49.0
   58.0  5.0 49.0
   59.0  5.0 49.0
   60.0  5.0 49.0
   61.0  5.0 49.0
   62.0  5.0 49.0
   63.0  5.0 49.0
   64.0  5.0 49.0
   65.0  5.0 49.0
   66.0  5.0 49.0
   67.0  5.0 49.0
   68.0  5.0 49.0
   69.0  5.0 49.0
   70.0  5.0 49.0
   71.0  5.0 49.0
   72.0  5.0 49.0
   73.0  5.0 49.0
   74.0  5.0 49.0
   75.0  5.0 49.0
   76.0  5.0 49.0
   77.0  5.0 49.0
   78.0  5.0 49.0
   79.0  5.0 49.0
   80.0  5.0 49.0
   81.0  5.0 49.0
   82.0  5.0 49.0
   83.0  5.0 49.0
   84.0  5.0 49.0
   85.0  5.0 49.0
   86.0  5.0 49.0
   87.0  5.0 49.0
   88.0  5.0 49.0
   89.0  5.0 49.0
   90.0  5.0 49.0
   91.0  5.0 49.0
   92.0  5.0 49.0
   93.0  5.0 49.0
   94.0  5.0 49.0
   95.0  5.0 49.0
   96.0  5.0 49.0
   97.0  5.0 49.0
   98.0  5.0 49.0
   99.0  5.0 49.0
    1.0  6.0 49.0
    2.0  6.0 49.0
    3.0  6.0 49.0
    4.0  6.0 49.0
    5.0  6.0 49.0
    6.0  6.0 49.0
    7.0  6.0 49.0
    8.0  6.0 49.0
    9.0  6.0 49.0
   10.0  6.0 49.0
   11.0  6.0 49.0
   12.0  6.0 49.0
   13.0  6.0 49.0
   14.0  6.0 49.0
   15.0  6.0 49.0
   16.0  6.0 49.0
   17.0  6.0 49.0
   18.0  6.0 49.0
   19.0  6.0 49.0
   20.0  6.0 49.0
   21.0  6.0 49.0
   22.0  6.0 49.0
   23.0  6.0 49.0
   24.0  6.0 49.0
   25.0  6.0 49.0
   26.0  6.0 49.0
   27.0  6.0 49.0
   28.0  6.0 49.0
   29.0  6.0 49.0
   30.0  6.0 49.0
   31.0  6.0 49.0
   32.0  6.0 49.0
   33.0  6.0 49.0
   34.0  6.0 49.0
   35.0  6.0 49.0
   36.0  6.0 49.0
   37.0  6.0 49.0
   38.0  6.0 49.0
   39.0  6.0 49.0
   40.0  6.0 49.0
   41.0  6.0 49.0
   42.0  6.0 49.0
   43.0  6.0 49.0
   44.0  6.0 49.0
   45.0  6.0 49.0
   46.0  6.0 49.0
   47.0  6.0 49.0
   48.0  6.0 49.0
   49.0  6.0 49.0
   50.0  6.0 49.0
   51.0  6.0 49.0
   52.0  6.0 49.0
   53.0  6.0 49.0
   54.0  6.0 49.0
   55.0  6.0 49.0
   56.0  6.0 49.0
   57.0  6.0 49.0
   58.0  6.0 49.0
   59.0  6.0 49.0
   60.0  6.0 49.0
   61.0  6.0 49.0
   62.0  6.0 49.0
   63.0  6.0 49.0
   64.0  6.0 49.0
   65.0  6.0 49.0
   66.0  6.0 49.0
   67.0  6.0 49.0
   68.0  6.0 49.0
   69.0  6.0 49.0
   70.0  6.0 49.0
   71.0  6.0 49.0
   72.0  6.0 49.0
   73.0  6.0 49.0
   74.0  6.0 49.0
   75.0  6.0 49.0
   76.0  6.0 49.0
   77.0  6.0 49.0
   78.0  6.0 49.0
   79.0  6.0 49.0
   80.0  6.0 49.0
   81.0  6.0 49.0
   82.0  6.0 49.0
   83.0  6.0 49.0
   84.0  6.0 49.0
   85.0  6.0 49.0
   86.0  6.0 49.0
   87.0  6.0 49.0
   88.0  6.0 49.0
   89.0  6.0 49.0
   90.0  6.0 49.0
   91.0  6.0 49.0
   92.0  6.0 49.0
   93.0  6.0 49.0
   94.0  6.0 49.0
   95.0  6.0 49.0
   96.0  6.0 49.0
   97.0  6.0 49.0
   98.0  6.0 49.0
   99.0  6.0 49.0
   50.0  7.0 49.0
