  4223               1) Number of atoms in the seed
  sc    coord    1) Lattice type    2) Seed format((3D-)indices or coord coordinates)
 manual 0 0 0
    1.0  1.0 49.0
    2.0  1.0 49.0
    3.0  1.0 49.0
    4.0  1.0 49.0
    5.0  1.0 49.0
    6.0  1.0 49.0
    7.0  1.0 49.0
    8.0  1.0 49.0
    9.0  1.0 49.0
   10.0  1.0 49.0
   11.0  1.0 49.0
   12.0  1.0 49.0
   13.0  1.0 49.0
   14.0  1.0 49.0
   15.0  1.0 49.0
   16.0  1.0 49.0
   17.0  1.0 49.0
   18.0  1.0 49.0
   19.0  1.0 49.0
   20.0  1.0 49.0
   21.0  1.0 49.0
   22.0  1.0 49.0
   23.0  1.0 49.0
   24.0  1.0 49.0
   25.0  1.0 49.0
   26.0  1.0 49.0
   27.0  1.0 49.0
   28.0  1.0 49.0
   29.0  1.0 49.0
   30.0  1.0 49.0
   31.0  1.0 49.0
   32.0  1.0 49.0
   33.0  1.0 49.0
   34.0  1.0 49.0
   35.0  1.0 49.0
   36.0  1.0 49.0
   37.0  1.0 49.0
   38.0  1.0 49.0
   39.0  1.0 49.0
   40.0  1.0 49.0
   41.0  1.0 49.0
   42.0  1.0 49.0
   43.0  1.0 49.0
   44.0  1.0 49.0
   45.0  1.0 49.0
   46.0  1.0 49.0
   47.0  1.0 49.0
   48.0  1.0 49.0
   49.0  1.0 49.0
   50.0  1.0 49.0
   51.0  1.0 49.0
   52.0  1.0 49.0
   53.0  1.0 49.0
   54.0  1.0 49.0
   55.0  1.0 49.0
   56.0  1.0 49.0
   57.0  1.0 49.0
   58.0  1.0 49.0
   59.0  1.0 49.0
   60.0  1.0 49.0
   61.0  1.0 49.0
   62.0  1.0 49.0
   63.0  1.0 49.0
   64.0  1.0 49.0
   65.0  1.0 49.0
   66.0  1.0 49.0
   67.0  1.0 49.0
   68.0  1.0 49.0
   69.0  1.0 49.0
   70.0  1.0 49.0
   71.0  1.0 49.0
   72.0  1.0 49.0
   73.0  1.0 49.0
   74.0  1.0 49.0
   75.0  1.0 49.0
   76.0  1.0 49.0
   77.0  1.0 49.0
   78.0  1.0 49.0
   79.0  1.0 49.0
   80.0  1.0 49.0
   81.0  1.0 49.0
   82.0  1.0 49.0
   83.0  1.0 49.0
   84.0  1.0 49.0
   85.0  1.0 49.0
   86.0  1.0 49.0
   87.0  1.0 49.0
   88.0  1.0 49.0
   89.0  1.0 49.0
   90.0  1.0 49.0
   91.0  1.0 49.0
   92.0  1.0 49.0
   93.0  1.0 49.0
   94.0  1.0 49.0
   95.0  1.0 49.0
   96.0  1.0 49.0
   97.0  1.0 49.0
   98.0  1.0 49.0
   99.0  1.0 49.0
    1.0  2.0 49.0
    2.0  2.0 49.0
    3.0  2.0 49.0
    4.0  2.0 49.0
    5.0  2.0 49.0
    6.0  2.0 49.0
    7.0  2.0 49.0
    8.0  2.0 49.0
    9.0  2.0 49.0
   10.0  2.0 49.0
   11.0  2.0 49.0
   12.0  2.0 49.0
   13.0  2.0 49.0
   14.0  2.0 49.0
   15.0  2.0 49.0
   16.0  2.0 49.0
   17.0  2.0 49.0
   18.0  2.0 49.0
   19.0  2.0 49.0
   20.0  2.0 49.0
   21.0  2.0 49.0
   22.0  2.0 49.0
   23.0  2.0 49.0
   24.0  2.0 49.0
   25.0  2.0 49.0
   26.0  2.0 49.0
   27.0  2.0 49.0
   28.0  2.0 49.0
   29.0  2.0 49.0
   30.0  2.0 49.0
   31.0  2.0 49.0
   32.0  2.0 49.0
   33.0  2.0 49.0
   34.0  2.0 49.0
   35.0  2.0 49.0
   36.0  2.0 49.0
   37.0  2.0 49.0
   38.0  2.0 49.0
   39.0  2.0 49.0
   40.0  2.0 49.0
   41.0  2.0 49.0
   42.0  2.0 49.0
   43.0  2.0 49.0
   44.0  2.0 49.0
   45.0  2.0 49.0
   46.0  2.0 49.0
   47.0  2.0 49.0
   48.0  2.0 49.0
   49.0  2.0 49.0
   50.0  2.0 49.0
   51.0  2.0 49.0
   52.0  2.0 49.0
   53.0  2.0 49.0
   54.0  2.0 49.0
   55.0  2.0 49.0
   56.0  2.0 49.0
   57.0  2.0 49.0
   58.0  2.0 49.0
   59.0  2.0 49.0
   60.0  2.0 49.0
   61.0  2.0 49.0
   62.0  2.0 49.0
   63.0  2.0 49.0
   64.0  2.0 49.0
   65.0  2.0 49.0
   66.0  2.0 49.0
   67.0  2.0 49.0
   68.0  2.0 49.0
   69.0  2.0 49.0
   70.0  2.0 49.0
   71.0  2.0 49.0
   72.0  2.0 49.0
   73.0  2.0 49.0
   74.0  2.0 49.0
   75.0  2.0 49.0
   76.0  2.0 49.0
   77.0  2.0 49.0
   78.0  2.0 49.0
   79.0  2.0 49.0
   80.0  2.0 49.0
   81.0  2.0 49.0
   82.0  2.0 49.0
   83.0  2.0 49.0
   84.0  2.0 49.0
   85.0  2.0 49.0
   86.0  2.0 49.0
   87.0  2.0 49.0
   88.0  2.0 49.0
   89.0  2.0 49.0
   90.0  2.0 49.0
   91.0  2.0 49.0
   92.0  2.0 49.0
   93.0  2.0 49.0
   94.0  2.0 49.0
   95.0  2.0 49.0
   96.0  2.0 49.0
   97.0  2.0 49.0
   98.0  2.0 49.0
   99.0  2.0 49.0
    1.0  3.0 49.0
    2.0  3.0 49.0
    3.0  3.0 49.0
    4.0  3.0 49.0
    5.0  3.0 49.0
    6.0  3.0 49.0
    7.0  3.0 49.0
    8.0  3.0 49.0
    9.0  3.0 49.0
   10.0  3.0 49.0
   11.0  3.0 49.0
   12.0  3.0 49.0
   13.0  3.0 49.0
   14.0  3.0 49.0
   15.0  3.0 49.0
   16.0  3.0 49.0
   17.0  3.0 49.0
   18.0  3.0 49.0
   19.0  3.0 49.0
   20.0  3.0 49.0
   21.0  3.0 49.0
   22.0  3.0 49.0
   23.0  3.0 49.0
   24.0  3.0 49.0
   25.0  3.0 49.0
   26.0  3.0 49.0
   27.0  3.0 49.0
   28.0  3.0 49.0
   29.0  3.0 49.0
   30.0  3.0 49.0
   31.0  3.0 49.0
   32.0  3.0 49.0
   33.0  3.0 49.0
   34.0  3.0 49.0
   35.0  3.0 49.0
   36.0  3.0 49.0
   37.0  3.0 49.0
   38.0  3.0 49.0
   39.0  3.0 49.0
   40.0  3.0 49.0
   41.0  3.0 49.0
   42.0  3.0 49.0
   43.0  3.0 49.0
   44.0  3.0 49.0
   45.0  3.0 49.0
   46.0  3.0 49.0
   47.0  3.0 49.0
   48.0  3.0 49.0
   49.0  3.0 49.0
   50.0  3.0 49.0
   51.0  3.0 49.0
   52.0  3.0 49.0
   53.0  3.0 49.0
   54.0  3.0 49.0
   55.0  3.0 49.0
   56.0  3.0 49.0
   57.0  3.0 49.0
   58.0  3.0 49.0
   59.0  3.0 49.0
   60.0  3.0 49.0
   61.0  3.0 49.0
   62.0  3.0 49.0
   63.0  3.0 49.0
   64.0  3.0 49.0
   65.0  3.0 49.0
   66.0  3.0 49.0
   67.0  3.0 49.0
   68.0  3.0 49.0
   69.0  3.0 49.0
   70.0  3.0 49.0
   71.0  3.0 49.0
   72.0  3.0 49.0
   73.0  3.0 49.0
   74.0  3.0 49.0
   75.0  3.0 49.0
   76.0  3.0 49.0
   77.0  3.0 49.0
   78.0  3.0 49.0
   79.0  3.0 49.0
   80.0  3.0 49.0
   81.0  3.0 49.0
   82.0  3.0 49.0
   83.0  3.0 49.0
   84.0  3.0 49.0
   85.0  3.0 49.0
   86.0  3.0 49.0
   87.0  3.0 49.0
   88.0  3.0 49.0
   89.0  3.0 49.0
   90.0  3.0 49.0
   91.0  3.0 49.0
   92.0  3.0 49.0
   93.0  3.0 49.0
   94.0  3.0 49.0
   95.0  3.0 49.0
   96.0  3.0 49.0
   97.0  3.0 49.0
   98.0  3.0 49.0
   99.0  3.0 49.0
    1.0  4.0 49.0
    2.0  4.0 49.0
    3.0  4.0 49.0
    4.0  4.0 49.0
    5.0  4.0 49.0
    6.0  4.0 49.0
    7.0  4.0 49.0
    8.0  4.0 49.0
    9.0  4.0 49.0
   10.0  4.0 49.0
   11.0  4.0 49.0
   12.0  4.0 49.0
   13.0  4.0 49.0
   14.0  4.0 49.0
   15.0  4.0 49.0
   16.0  4.0 49.0
   17.0  4.0 49.0
   18.0  4.0 49.0
   19.0  4.0 49.0
   20.0  4.0 49.0
   21.0  4.0 49.0
   22.0  4.0 49.0
   23.0  4.0 49.0
   24.0  4.0 49.0
   25.0  4.0 49.0
   26.0  4.0 49.0
   27.0  4.0 49.0
   28.0  4.0 49.0
   29.0  4.0 49.0
   30.0  4.0 49.0
   31.0  4.0 49.0
   32.0  4.0 49.0
   33.0  4.0 49.0
   34.0  4.0 49.0
   35.0  4.0 49.0
   36.0  4.0 49.0
   37.0  4.0 49.0
   38.0  4.0 49.0
   39.0  4.0 49.0
   40.0  4.0 49.0
   41.0  4.0 49.0
   42.0  4.0 49.0
   43.0  4.0 49.0
   44.0  4.0 49.0
   45.0  4.0 49.0
   46.0  4.0 49.0
   47.0  4.0 49.0
   48.0  4.0 49.0
   49.0  4.0 49.0
   50.0  4.0 49.0
   51.0  4.0 49.0
   52.0  4.0 49.0
   53.0  4.0 49.0
   54.0  4.0 49.0
   55.0  4.0 49.0
   56.0  4.0 49.0
   57.0  4.0 49.0
   58.0  4.0 49.0
   59.0  4.0 49.0
   60.0  4.0 49.0
   61.0  4.0 49.0
   62.0  4.0 49.0
   63.0  4.0 49.0
   64.0  4.0 49.0
   65.0  4.0 49.0
   66.0  4.0 49.0
   67.0  4.0 49.0
   68.0  4.0 49.0
   69.0  4.0 49.0
   70.0  4.0 49.0
   71.0  4.0 49.0
   72.0  4.0 49.0
   73.0  4.0 49.0
   74.0  4.0 49.0
   75.0  4.0 49.0
   76.0  4.0 49.0
   77.0  4.0 49.0
   78.0  4.0 49.0
   79.0  4.0 49.0
   80.0  4.0 49.0
   81.0  4.0 49.0
   82.0  4.0 49.0
   83.0  4.0 49.0
   84.0  4.0 49.0
   85.0  4.0 49.0
   86.0  4.0 49.0
   87.0  4.0 49.0
   88.0  4.0 49.0
   89.0  4.0 49.0
   90.0  4.0 49.0
   91.0  4.0 49.0
   92.0  4.0 49.0
   93.0  4.0 49.0
   94.0  4.0 49.0
   95.0  4.0 49.0
   96.0  4.0 49.0
   97.0  4.0 49.0
   98.0  4.0 49.0
   99.0  4.0 49.0
    1.0  5.0 49.0
    2.0  5.0 49.0
    3.0  5.0 49.0
    4.0  5.0 49.0
    5.0  5.0 49.0
    6.0  5.0 49.0
    7.0  5.0 49.0
    8.0  5.0 49.0
    9.0  5.0 49.0
   10.0  5.0 49.0
   11.0  5.0 49.0
   12.0  5.0 49.0
   13.0  5.0 49.0
   14.0  5.0 49.0
   15.0  5.0 49.0
   16.0  5.0 49.0
   17.0  5.0 49.0
   18.0  5.0 49.0
   19.0  5.0 49.0
   20.0  5.0 49.0
   21.0  5.0 49.0
   22.0  5.0 49.0
   23.0  5.0 49.0
   24.0  5.0 49.0
   25.0  5.0 49.0
   26.0  5.0 49.0
   27.0  5.0 49.0
   28.0  5.0 49.0
   29.0  5.0 49.0
   30.0  5.0 49.0
   31.0  5.0 49.0
   32.0  5.0 49.0
   33.0  5.0 49.0
   34.0  5.0 49.0
   35.0  5.0 49.0
   36.0  5.0 49.0
   37.0  5.0 49.0
   38.0  5.0 49.0
   39.0  5.0 49.0
   40.0  5.0 49.0
   41.0  5.0 49.0
   42.0  5.0 49.0
   43.0  5.0 49.0
   44.0  5.0 49.0
   45.0  5.0 49.0
   46.0  5.0 49.0
   47.0  5.0 49.0
   48.0  5.0 49.0
   49.0  5.0 49.0
   50.0  5.0 49.0
   51.0  5.0 49.0
   52.0  5.0 49.0
   53.0  5.0 49.0
   54.0  5.0 49.0
   55.0  5.0 49.0
   56.0  5.0 49.0
   57.0  5.0 49.0
   58.0  5.0 49.0
   59.0  5.0 49.0
   60.0  5.0 49.0
   61.0  5.0 49.0
   62.0  5.0 49.0
   63.0  5.0 49.0
   64.0  5.0 49.0
   65.0  5.0 49.0
   66.0  5.0 49.0
   67.0  5.0 49.0
   68.0  5.0 49.0
   69.0  5.0 49.0
   70.0  5.0 49.0
   71.0  5.0 49.0
   72.0  5.0 49.0
   73.0  5.0 49.0
   74.0  5.0 49.0
   75.0  5.0 49.0
   76.0  5.0 49.0
   77.0  5.0 49.0
   78.0  5.0 49.0
   79.0  5.0 49.0
   80.0  5.0 49.0
   81.0  5.0 49.0
   82.0  5.0 49.0
   83.0  5.0 49.0
   84.0  5.0 49.0
   85.0  5.0 49.0
   86.0  5.0 49.0
   87.0  5.0 49.0
   88.0  5.0 49.0
   89.0  5.0 49.0
   90.0  5.0 49.0
   91.0  5.0 49.0
   92.0  5.0 49.0
   93.0  5.0 49.0
   94.0  5.0 49.0
   95.0  5.0 49.0
   96.0  5.0 49.0
   97.0  5.0 49.0
   98.0  5.0 49.0
   99.0  5.0 49.0
    1.0  6.0 49.0
    2.0  6.0 49.0
    3.0  6.0 49.0
    4.0  6.0 49.0
    5.0  6.0 49.0
    6.0  6.0 49.0
    7.0  6.0 49.0
    8.0  6.0 49.0
    9.0  6.0 49.0
   10.0  6.0 49.0
   11.0  6.0 49.0
   12.0  6.0 49.0
   13.0  6.0 49.0
   14.0  6.0 49.0
   15.0  6.0 49.0
   16.0  6.0 49.0
   17.0  6.0 49.0
   18.0  6.0 49.0
   19.0  6.0 49.0
   20.0  6.0 49.0
   21.0  6.0 49.0
   22.0  6.0 49.0
   23.0  6.0 49.0
   24.0  6.0 49.0
   25.0  6.0 49.0
   26.0  6.0 49.0
   27.0  6.0 49.0
   28.0  6.0 49.0
   29.0  6.0 49.0
   30.0  6.0 49.0
   31.0  6.0 49.0
   32.0  6.0 49.0
   33.0  6.0 49.0
   34.0  6.0 49.0
   35.0  6.0 49.0
   36.0  6.0 49.0
   37.0  6.0 49.0
   38.0  6.0 49.0
   39.0  6.0 49.0
   40.0  6.0 49.0
   41.0  6.0 49.0
   42.0  6.0 49.0
   43.0  6.0 49.0
   44.0  6.0 49.0
   45.0  6.0 49.0
   46.0  6.0 49.0
   47.0  6.0 49.0
   48.0  6.0 49.0
   49.0  6.0 49.0
   50.0  6.0 49.0
   51.0  6.0 49.0
   52.0  6.0 49.0
   53.0  6.0 49.0
   54.0  6.0 49.0
   55.0  6.0 49.0
   56.0  6.0 49.0
   57.0  6.0 49.0
   58.0  6.0 49.0
   59.0  6.0 49.0
   60.0  6.0 49.0
   61.0  6.0 49.0
   62.0  6.0 49.0
   63.0  6.0 49.0
   64.0  6.0 49.0
   65.0  6.0 49.0
   66.0  6.0 49.0
   67.0  6.0 49.0
   68.0  6.0 49.0
   69.0  6.0 49.0
   70.0  6.0 49.0
   71.0  6.0 49.0
   72.0  6.0 49.0
   73.0  6.0 49.0
   74.0  6.0 49.0
   75.0  6.0 49.0
   76.0  6.0 49.0
   77.0  6.0 49.0
   78.0  6.0 49.0
   79.0  6.0 49.0
   80.0  6.0 49.0
   81.0  6.0 49.0
   82.0  6.0 49.0
   83.0  6.0 49.0
   84.0  6.0 49.0
   85.0  6.0 49.0
   86.0  6.0 49.0
   87.0  6.0 49.0
   88.0  6.0 49.0
   89.0  6.0 49.0
   90.0  6.0 49.0
   91.0  6.0 49.0
   92.0  6.0 49.0
   93.0  6.0 49.0
   94.0  6.0 49.0
   95.0  6.0 49.0
   96.0  6.0 49.0
   97.0  6.0 49.0
   98.0  6.0 49.0
   99.0  6.0 49.0
  100.0  1.0 49.0 
  101.0  1.0 49.0
  102.0  1.0 49.0
  103.0  1.0 49.0
  104.0  1.0 49.0
  105.0  1.0 49.0
  106.0  1.0 49.0
  107.0  1.0 49.0
  108.0  1.0 49.0
  109.0  1.0 49.0
  110.0  1.0 49.0
  111.0  1.0 49.0
  112.0  1.0 49.0
  113.0  1.0 49.0
  114.0  1.0 49.0
  115.0  1.0 49.0
  116.0  1.0 49.0
  117.0  1.0 49.0
  118.0  1.0 49.0
  119.0  1.0 49.0
  120.0  1.0 49.0
  121.0  1.0 49.0
  122.0  1.0 49.0
  123.0  1.0 49.0
  124.0  1.0 49.0
  125.0  1.0 49.0
  126.0  1.0 49.0
  127.0  1.0 49.0
  128.0  1.0 49.0
  129.0  1.0 49.0
  130.0  1.0 49.0
  131.0  1.0 49.0
  132.0  1.0 49.0
  133.0  1.0 49.0
  134.0  1.0 49.0
  135.0  1.0 49.0
  136.0  1.0 49.0
  137.0  1.0 49.0
  138.0  1.0 49.0
  139.0  1.0 49.0
  140.0  1.0 49.0
  141.0  1.0 49.0
  142.0  1.0 49.0
  143.0  1.0 49.0
  144.0  1.0 49.0
  145.0  1.0 49.0
  146.0  1.0 49.0
  147.0  1.0 49.0
  148.0  1.0 49.0
  149.0  1.0 49.0
  150.0  1.0 49.0
  151.0  1.0 49.0
  152.0  1.0 49.0
  153.0  1.0 49.0
  154.0  1.0 49.0
  155.0  1.0 49.0
  156.0  1.0 49.0
  157.0  1.0 49.0
  158.0  1.0 49.0
  159.0  1.0 49.0
  160.0  1.0 49.0
  161.0  1.0 49.0
  162.0  1.0 49.0
  163.0  1.0 49.0
  164.0  1.0 49.0
  165.0  1.0 49.0
  166.0  1.0 49.0
  167.0  1.0 49.0
  168.0  1.0 49.0
  169.0  1.0 49.0
  170.0  1.0 49.0
  171.0  1.0 49.0
  172.0  1.0 49.0
  173.0  1.0 49.0
  174.0  1.0 49.0
  175.0  1.0 49.0
  176.0  1.0 49.0
  177.0  1.0 49.0
  178.0  1.0 49.0
  179.0  1.0 49.0
  180.0  1.0 49.0
  181.0  1.0 49.0
  182.0  1.0 49.0
  183.0  1.0 49.0
  184.0  1.0 49.0
  185.0  1.0 49.0
  186.0  1.0 49.0
  187.0  1.0 49.0
  188.0  1.0 49.0
  189.0  1.0 49.0
  190.0  1.0 49.0
  191.0  1.0 49.0
  192.0  1.0 49.0
  193.0  1.0 49.0
  194.0  1.0 49.0
  195.0  1.0 49.0
  196.0  1.0 49.0
  197.0  1.0 49.0
  198.0  1.0 49.0
  199.0  1.0 49.0
  100.0  2.0 49.0
  101.0  2.0 49.0
  102.0  2.0 49.0
  103.0  2.0 49.0
  104.0  2.0 49.0
  105.0  2.0 49.0
  106.0  2.0 49.0
  107.0  2.0 49.0
  108.0  2.0 49.0
  109.0  2.0 49.0
  110.0  2.0 49.0
  111.0  2.0 49.0
  112.0  2.0 49.0
  113.0  2.0 49.0
  114.0  2.0 49.0
  115.0  2.0 49.0
  116.0  2.0 49.0
  117.0  2.0 49.0
  118.0  2.0 49.0
  119.0  2.0 49.0
  120.0  2.0 49.0
  121.0  2.0 49.0
  122.0  2.0 49.0
  123.0  2.0 49.0
  124.0  2.0 49.0
  125.0  2.0 49.0
  126.0  2.0 49.0
  127.0  2.0 49.0
  128.0  2.0 49.0
  129.0  2.0 49.0
  130.0  2.0 49.0
  131.0  2.0 49.0
  132.0  2.0 49.0
  133.0  2.0 49.0
  134.0  2.0 49.0
  135.0  2.0 49.0
  136.0  2.0 49.0
  137.0  2.0 49.0
  138.0  2.0 49.0
  139.0  2.0 49.0
  140.0  2.0 49.0
  141.0  2.0 49.0
  142.0  2.0 49.0
  143.0  2.0 49.0
  144.0  2.0 49.0
  145.0  2.0 49.0
  146.0  2.0 49.0
  147.0  2.0 49.0
  148.0  2.0 49.0
  149.0  2.0 49.0
  150.0  2.0 49.0
  151.0  2.0 49.0
  152.0  2.0 49.0
  153.0  2.0 49.0
  154.0  2.0 49.0
  155.0  2.0 49.0
  156.0  2.0 49.0
  157.0  2.0 49.0
  158.0  2.0 49.0
  159.0  2.0 49.0
  160.0  2.0 49.0
  161.0  2.0 49.0
  162.0  2.0 49.0
  163.0  2.0 49.0
  164.0  2.0 49.0
  165.0  2.0 49.0
  166.0  2.0 49.0
  167.0  2.0 49.0
  168.0  2.0 49.0
  169.0  2.0 49.0
  170.0  2.0 49.0
  171.0  2.0 49.0
  172.0  2.0 49.0
  173.0  2.0 49.0
  174.0  2.0 49.0
  175.0  2.0 49.0
  176.0  2.0 49.0
  177.0  2.0 49.0
  178.0  2.0 49.0
  179.0  2.0 49.0
  180.0  2.0 49.0
  181.0  2.0 49.0
  182.0  2.0 49.0
  183.0  2.0 49.0
  184.0  2.0 49.0
  185.0  2.0 49.0
  186.0  2.0 49.0
  187.0  2.0 49.0
  188.0  2.0 49.0
  189.0  2.0 49.0
  190.0  2.0 49.0
  191.0  2.0 49.0
  192.0  2.0 49.0
  193.0  2.0 49.0
  194.0  2.0 49.0
  195.0  2.0 49.0
  196.0  2.0 49.0
  197.0  2.0 49.0
  198.0  2.0 49.0
  199.0  2.0 49.0
  100.0  3.0 49.0
  101.0  3.0 49.0
  102.0  3.0 49.0
  103.0  3.0 49.0
  104.0  3.0 49.0
  105.0  3.0 49.0
  106.0  3.0 49.0
  107.0  3.0 49.0
  108.0  3.0 49.0
  109.0  3.0 49.0
  110.0  3.0 49.0
  111.0  3.0 49.0
  112.0  3.0 49.0
  113.0  3.0 49.0
  114.0  3.0 49.0
  115.0  3.0 49.0
  116.0  3.0 49.0
  117.0  3.0 49.0
  118.0  3.0 49.0
  119.0  3.0 49.0
  120.0  3.0 49.0
  121.0  3.0 49.0
  122.0  3.0 49.0
  123.0  3.0 49.0
  124.0  3.0 49.0
  125.0  3.0 49.0
  126.0  3.0 49.0
  127.0  3.0 49.0
  128.0  3.0 49.0
  129.0  3.0 49.0
  130.0  3.0 49.0
  131.0  3.0 49.0
  132.0  3.0 49.0
  133.0  3.0 49.0
  134.0  3.0 49.0
  135.0  3.0 49.0
  136.0  3.0 49.0
  137.0  3.0 49.0
  138.0  3.0 49.0
  139.0  3.0 49.0
  140.0  3.0 49.0
  141.0  3.0 49.0
  142.0  3.0 49.0
  143.0  3.0 49.0
  144.0  3.0 49.0
  145.0  3.0 49.0
  146.0  3.0 49.0
  147.0  3.0 49.0
  148.0  3.0 49.0
  149.0  3.0 49.0
  150.0  3.0 49.0
  151.0  3.0 49.0
  152.0  3.0 49.0
  153.0  3.0 49.0
  154.0  3.0 49.0
  155.0  3.0 49.0
  156.0  3.0 49.0
  157.0  3.0 49.0
  158.0  3.0 49.0
  159.0  3.0 49.0
  160.0  3.0 49.0
  161.0  3.0 49.0
  162.0  3.0 49.0
  163.0  3.0 49.0
  164.0  3.0 49.0
  165.0  3.0 49.0
  166.0  3.0 49.0
  167.0  3.0 49.0
  168.0  3.0 49.0
  169.0  3.0 49.0
  170.0  3.0 49.0
  171.0  3.0 49.0
  172.0  3.0 49.0
  173.0  3.0 49.0
  174.0  3.0 49.0
  175.0  3.0 49.0
  176.0  3.0 49.0
  177.0  3.0 49.0
  178.0  3.0 49.0
  179.0  3.0 49.0
  180.0  3.0 49.0
  181.0  3.0 49.0
  182.0  3.0 49.0
  183.0  3.0 49.0
  184.0  3.0 49.0
  185.0  3.0 49.0
  186.0  3.0 49.0
  187.0  3.0 49.0
  188.0  3.0 49.0
  189.0  3.0 49.0
  190.0  3.0 49.0
  191.0  3.0 49.0
  192.0  3.0 49.0
  193.0  3.0 49.0
  194.0  3.0 49.0
  195.0  3.0 49.0
  196.0  3.0 49.0
  197.0  3.0 49.0
  198.0  3.0 49.0
  199.0  3.0 49.0
  100.0  4.0 49.0
  101.0  4.0 49.0
  102.0  4.0 49.0
  103.0  4.0 49.0
  104.0  4.0 49.0
  105.0  4.0 49.0
  106.0  4.0 49.0
  107.0  4.0 49.0
  108.0  4.0 49.0
  109.0  4.0 49.0
  110.0  4.0 49.0
  111.0  4.0 49.0
  112.0  4.0 49.0
  113.0  4.0 49.0
  114.0  4.0 49.0
  115.0  4.0 49.0
  116.0  4.0 49.0
  117.0  4.0 49.0
  118.0  4.0 49.0
  119.0  4.0 49.0
  120.0  4.0 49.0
  121.0  4.0 49.0
  122.0  4.0 49.0
  123.0  4.0 49.0
  124.0  4.0 49.0
  125.0  4.0 49.0
  126.0  4.0 49.0
  127.0  4.0 49.0
  128.0  4.0 49.0
  129.0  4.0 49.0
  130.0  4.0 49.0
  131.0  4.0 49.0
  132.0  4.0 49.0
  133.0  4.0 49.0
  134.0  4.0 49.0
  135.0  4.0 49.0
  136.0  4.0 49.0
  137.0  4.0 49.0
  138.0  4.0 49.0
  139.0  4.0 49.0
  140.0  4.0 49.0
  141.0  4.0 49.0
  142.0  4.0 49.0
  143.0  4.0 49.0
  144.0  4.0 49.0
  145.0  4.0 49.0
  146.0  4.0 49.0
  147.0  4.0 49.0
  148.0  4.0 49.0
  149.0  4.0 49.0
  150.0  4.0 49.0
  151.0  4.0 49.0
  152.0  4.0 49.0
  153.0  4.0 49.0
  154.0  4.0 49.0
  155.0  4.0 49.0
  156.0  4.0 49.0
  157.0  4.0 49.0
  158.0  4.0 49.0
  159.0  4.0 49.0
  160.0  4.0 49.0
  161.0  4.0 49.0
  162.0  4.0 49.0
  163.0  4.0 49.0
  164.0  4.0 49.0
  165.0  4.0 49.0
  166.0  4.0 49.0
  167.0  4.0 49.0
  168.0  4.0 49.0
  169.0  4.0 49.0
  170.0  4.0 49.0
  171.0  4.0 49.0
  172.0  4.0 49.0
  173.0  4.0 49.0
  174.0  4.0 49.0
  175.0  4.0 49.0
  176.0  4.0 49.0
  177.0  4.0 49.0
  178.0  4.0 49.0
  179.0  4.0 49.0
  180.0  4.0 49.0
  181.0  4.0 49.0
  182.0  4.0 49.0
  183.0  4.0 49.0
  184.0  4.0 49.0
  185.0  4.0 49.0
  186.0  4.0 49.0
  187.0  4.0 49.0
  188.0  4.0 49.0
  189.0  4.0 49.0
  190.0  4.0 49.0
  191.0  4.0 49.0
  192.0  4.0 49.0
  193.0  4.0 49.0
  194.0  4.0 49.0
  195.0  4.0 49.0
  196.0  4.0 49.0
  197.0  4.0 49.0
  198.0  4.0 49.0
  199.0  4.0 49.0
  100.0  5.0 49.0
  101.0  5.0 49.0
  102.0  5.0 49.0
  103.0  5.0 49.0
  104.0  5.0 49.0
  105.0  5.0 49.0
  106.0  5.0 49.0
  107.0  5.0 49.0
  108.0  5.0 49.0
  109.0  5.0 49.0
  110.0  5.0 49.0
  111.0  5.0 49.0
  112.0  5.0 49.0
  113.0  5.0 49.0
  114.0  5.0 49.0
  115.0  5.0 49.0
  116.0  5.0 49.0
  117.0  5.0 49.0
  118.0  5.0 49.0
  119.0  5.0 49.0
  120.0  5.0 49.0
  121.0  5.0 49.0
  122.0  5.0 49.0
  123.0  5.0 49.0
  124.0  5.0 49.0
  125.0  5.0 49.0
  126.0  5.0 49.0
  127.0  5.0 49.0
  128.0  5.0 49.0
  129.0  5.0 49.0
  130.0  5.0 49.0
  131.0  5.0 49.0
  132.0  5.0 49.0
  133.0  5.0 49.0
  134.0  5.0 49.0
  135.0  5.0 49.0
  136.0  5.0 49.0
  137.0  5.0 49.0
  138.0  5.0 49.0
  139.0  5.0 49.0
  140.0  5.0 49.0
  141.0  5.0 49.0
  142.0  5.0 49.0
  143.0  5.0 49.0
  144.0  5.0 49.0
  145.0  5.0 49.0
  146.0  5.0 49.0
  147.0  5.0 49.0
  148.0  5.0 49.0
  149.0  5.0 49.0
  150.0  5.0 49.0
  151.0  5.0 49.0
  152.0  5.0 49.0
  153.0  5.0 49.0
  154.0  5.0 49.0
  155.0  5.0 49.0
  156.0  5.0 49.0
  157.0  5.0 49.0
  158.0  5.0 49.0
  159.0  5.0 49.0
  160.0  5.0 49.0
  161.0  5.0 49.0
  162.0  5.0 49.0
  163.0  5.0 49.0
  164.0  5.0 49.0
  165.0  5.0 49.0
  166.0  5.0 49.0
  167.0  5.0 49.0
  168.0  5.0 49.0
  169.0  5.0 49.0
  170.0  5.0 49.0
  171.0  5.0 49.0
  172.0  5.0 49.0
  173.0  5.0 49.0
  174.0  5.0 49.0
  175.0  5.0 49.0
  176.0  5.0 49.0
  177.0  5.0 49.0
  178.0  5.0 49.0
  179.0  5.0 49.0
  180.0  5.0 49.0
  181.0  5.0 49.0
  182.0  5.0 49.0
  183.0  5.0 49.0
  184.0  5.0 49.0
  185.0  5.0 49.0
  186.0  5.0 49.0
  187.0  5.0 49.0
  188.0  5.0 49.0
  189.0  5.0 49.0
  190.0  5.0 49.0
  191.0  5.0 49.0
  192.0  5.0 49.0
  193.0  5.0 49.0
  194.0  5.0 49.0
  195.0  5.0 49.0
  196.0  5.0 49.0
  197.0  5.0 49.0
  198.0  5.0 49.0
  199.0  5.0 49.0
  100.0  6.0 49.0
  101.0  6.0 49.0
  102.0  6.0 49.0
  103.0  6.0 49.0
  104.0  6.0 49.0
  105.0  6.0 49.0
  106.0  6.0 49.0
  107.0  6.0 49.0
  108.0  6.0 49.0
  109.0  6.0 49.0
  110.0  6.0 49.0
  111.0  6.0 49.0
  112.0  6.0 49.0
  113.0  6.0 49.0
  114.0  6.0 49.0
  115.0  6.0 49.0
  116.0  6.0 49.0
  117.0  6.0 49.0
  118.0  6.0 49.0
  119.0  6.0 49.0
  120.0  6.0 49.0
  121.0  6.0 49.0
  122.0  6.0 49.0
  123.0  6.0 49.0
  124.0  6.0 49.0
  125.0  6.0 49.0
  126.0  6.0 49.0
  127.0  6.0 49.0
  128.0  6.0 49.0
  129.0  6.0 49.0
  130.0  6.0 49.0
  131.0  6.0 49.0
  132.0  6.0 49.0
  133.0  6.0 49.0
  134.0  6.0 49.0
  135.0  6.0 49.0
  136.0  6.0 49.0
  137.0  6.0 49.0
  138.0  6.0 49.0
  139.0  6.0 49.0
  140.0  6.0 49.0
  141.0  6.0 49.0
  142.0  6.0 49.0
  143.0  6.0 49.0
  144.0  6.0 49.0
  145.0  6.0 49.0
  146.0  6.0 49.0
  147.0  6.0 49.0
  148.0  6.0 49.0
  149.0  6.0 49.0
  150.0  6.0 49.0
  151.0  6.0 49.0
  152.0  6.0 49.0
  153.0  6.0 49.0
  154.0  6.0 49.0
  155.0  6.0 49.0
  156.0  6.0 49.0
  157.0  6.0 49.0
  158.0  6.0 49.0
  159.0  6.0 49.0
  160.0  6.0 49.0
  161.0  6.0 49.0
  162.0  6.0 49.0
  163.0  6.0 49.0
  164.0  6.0 49.0
  165.0  6.0 49.0
  166.0  6.0 49.0
  167.0  6.0 49.0
  168.0  6.0 49.0
  169.0  6.0 49.0
  170.0  6.0 49.0
  171.0  6.0 49.0
  172.0  6.0 49.0
  173.0  6.0 49.0
  174.0  6.0 49.0
  175.0  6.0 49.0
  176.0  6.0 49.0
  177.0  6.0 49.0
  178.0  6.0 49.0
  179.0  6.0 49.0
  180.0  6.0 49.0
  181.0  6.0 49.0
  182.0  6.0 49.0
  183.0  6.0 49.0
  184.0  6.0 49.0
  185.0  6.0 49.0
  186.0  6.0 49.0
  187.0  6.0 49.0
  188.0  6.0 49.0
  189.0  6.0 49.0
  190.0  6.0 49.0
  191.0  6.0 49.0
  192.0  6.0 49.0
  193.0  6.0 49.0
  194.0  6.0 49.0
  195.0  6.0 49.0
  196.0  6.0 49.0
  197.0  6.0 49.0
  198.0  6.0 49.0
  199.0  6.0 49.0
  200.0  1.0 49.0 
  201.0  1.0 49.0
  202.0  1.0 49.0
  203.0  1.0 49.0
  204.0  1.0 49.0
  205.0  1.0 49.0
  206.0  1.0 49.0
  207.0  1.0 49.0
  208.0  1.0 49.0
  209.0  1.0 49.0
  210.0  1.0 49.0
  211.0  1.0 49.0
  212.0  1.0 49.0
  213.0  1.0 49.0
  214.0  1.0 49.0
  215.0  1.0 49.0
  216.0  1.0 49.0
  217.0  1.0 49.0
  218.0  1.0 49.0
  219.0  1.0 49.0
  220.0  1.0 49.0
  221.0  1.0 49.0
  222.0  1.0 49.0
  223.0  1.0 49.0
  224.0  1.0 49.0
  225.0  1.0 49.0
  226.0  1.0 49.0
  227.0  1.0 49.0
  228.0  1.0 49.0
  229.0  1.0 49.0
  230.0  1.0 49.0
  231.0  1.0 49.0
  232.0  1.0 49.0
  233.0  1.0 49.0
  234.0  1.0 49.0
  235.0  1.0 49.0
  236.0  1.0 49.0
  237.0  1.0 49.0
  238.0  1.0 49.0
  239.0  1.0 49.0
  240.0  1.0 49.0
  241.0  1.0 49.0
  242.0  1.0 49.0
  243.0  1.0 49.0
  244.0  1.0 49.0
  245.0  1.0 49.0
  246.0  1.0 49.0
  247.0  1.0 49.0
  248.0  1.0 49.0
  249.0  1.0 49.0
  250.0  1.0 49.0
  251.0  1.0 49.0
  252.0  1.0 49.0
  253.0  1.0 49.0
  254.0  1.0 49.0
  255.0  1.0 49.0
  256.0  1.0 49.0
  257.0  1.0 49.0
  258.0  1.0 49.0
  259.0  1.0 49.0
  260.0  1.0 49.0
  261.0  1.0 49.0
  262.0  1.0 49.0
  263.0  1.0 49.0
  264.0  1.0 49.0
  265.0  1.0 49.0
  266.0  1.0 49.0
  267.0  1.0 49.0
  268.0  1.0 49.0
  269.0  1.0 49.0
  270.0  1.0 49.0
  271.0  1.0 49.0
  272.0  1.0 49.0
  273.0  1.0 49.0
  274.0  1.0 49.0
  275.0  1.0 49.0
  276.0  1.0 49.0
  277.0  1.0 49.0
  278.0  1.0 49.0
  279.0  1.0 49.0
  280.0  1.0 49.0
  281.0  1.0 49.0
  282.0  1.0 49.0
  283.0  1.0 49.0
  284.0  1.0 49.0
  285.0  1.0 49.0
  286.0  1.0 49.0
  287.0  1.0 49.0
  288.0  1.0 49.0
  289.0  1.0 49.0
  290.0  1.0 49.0
  291.0  1.0 49.0
  292.0  1.0 49.0
  293.0  1.0 49.0
  294.0  1.0 49.0
  295.0  1.0 49.0
  296.0  1.0 49.0
  297.0  1.0 49.0
  298.0  1.0 49.0
  299.0  1.0 49.0
  200.0  2.0 49.0
  201.0  2.0 49.0
  202.0  2.0 49.0
  203.0  2.0 49.0
  204.0  2.0 49.0
  205.0  2.0 49.0
  206.0  2.0 49.0
  207.0  2.0 49.0
  208.0  2.0 49.0
  209.0  2.0 49.0
  210.0  2.0 49.0
  211.0  2.0 49.0
  212.0  2.0 49.0
  213.0  2.0 49.0
  214.0  2.0 49.0
  215.0  2.0 49.0
  216.0  2.0 49.0
  217.0  2.0 49.0
  218.0  2.0 49.0
  219.0  2.0 49.0
  220.0  2.0 49.0
  221.0  2.0 49.0
  222.0  2.0 49.0
  223.0  2.0 49.0
  224.0  2.0 49.0
  225.0  2.0 49.0
  226.0  2.0 49.0
  227.0  2.0 49.0
  228.0  2.0 49.0
  229.0  2.0 49.0
  230.0  2.0 49.0
  231.0  2.0 49.0
  232.0  2.0 49.0
  233.0  2.0 49.0
  234.0  2.0 49.0
  235.0  2.0 49.0
  236.0  2.0 49.0
  237.0  2.0 49.0
  238.0  2.0 49.0
  239.0  2.0 49.0
  240.0  2.0 49.0
  241.0  2.0 49.0
  242.0  2.0 49.0
  243.0  2.0 49.0
  244.0  2.0 49.0
  245.0  2.0 49.0
  246.0  2.0 49.0
  247.0  2.0 49.0
  248.0  2.0 49.0
  249.0  2.0 49.0
  250.0  2.0 49.0
  251.0  2.0 49.0
  252.0  2.0 49.0
  253.0  2.0 49.0
  254.0  2.0 49.0
  255.0  2.0 49.0
  256.0  2.0 49.0
  257.0  2.0 49.0
  258.0  2.0 49.0
  259.0  2.0 49.0
  260.0  2.0 49.0
  261.0  2.0 49.0
  262.0  2.0 49.0
  263.0  2.0 49.0
  264.0  2.0 49.0
  265.0  2.0 49.0
  266.0  2.0 49.0
  267.0  2.0 49.0
  268.0  2.0 49.0
  269.0  2.0 49.0
  270.0  2.0 49.0
  271.0  2.0 49.0
  272.0  2.0 49.0
  273.0  2.0 49.0
  274.0  2.0 49.0
  275.0  2.0 49.0
  276.0  2.0 49.0
  277.0  2.0 49.0
  278.0  2.0 49.0
  279.0  2.0 49.0
  280.0  2.0 49.0
  281.0  2.0 49.0
  282.0  2.0 49.0
  283.0  2.0 49.0
  284.0  2.0 49.0
  285.0  2.0 49.0
  286.0  2.0 49.0
  287.0  2.0 49.0
  288.0  2.0 49.0
  289.0  2.0 49.0
  290.0  2.0 49.0
  291.0  2.0 49.0
  292.0  2.0 49.0
  293.0  2.0 49.0
  294.0  2.0 49.0
  295.0  2.0 49.0
  296.0  2.0 49.0
  297.0  2.0 49.0
  298.0  2.0 49.0
  299.0  2.0 49.0
  200.0  3.0 49.0
  201.0  3.0 49.0
  202.0  3.0 49.0
  203.0  3.0 49.0
  204.0  3.0 49.0
  205.0  3.0 49.0
  206.0  3.0 49.0
  207.0  3.0 49.0
  208.0  3.0 49.0
  209.0  3.0 49.0
  210.0  3.0 49.0
  211.0  3.0 49.0
  212.0  3.0 49.0
  213.0  3.0 49.0
  214.0  3.0 49.0
  215.0  3.0 49.0
  216.0  3.0 49.0
  217.0  3.0 49.0
  218.0  3.0 49.0
  219.0  3.0 49.0
  220.0  3.0 49.0
  221.0  3.0 49.0
  222.0  3.0 49.0
  223.0  3.0 49.0
  224.0  3.0 49.0
  225.0  3.0 49.0
  226.0  3.0 49.0
  227.0  3.0 49.0
  228.0  3.0 49.0
  229.0  3.0 49.0
  230.0  3.0 49.0
  231.0  3.0 49.0
  232.0  3.0 49.0
  233.0  3.0 49.0
  234.0  3.0 49.0
  235.0  3.0 49.0
  236.0  3.0 49.0
  237.0  3.0 49.0
  238.0  3.0 49.0
  239.0  3.0 49.0
  240.0  3.0 49.0
  241.0  3.0 49.0
  242.0  3.0 49.0
  243.0  3.0 49.0
  244.0  3.0 49.0
  245.0  3.0 49.0
  246.0  3.0 49.0
  247.0  3.0 49.0
  248.0  3.0 49.0
  249.0  3.0 49.0
  250.0  3.0 49.0
  251.0  3.0 49.0
  252.0  3.0 49.0
  253.0  3.0 49.0
  254.0  3.0 49.0
  255.0  3.0 49.0
  256.0  3.0 49.0
  257.0  3.0 49.0
  258.0  3.0 49.0
  259.0  3.0 49.0
  260.0  3.0 49.0
  261.0  3.0 49.0
  262.0  3.0 49.0
  263.0  3.0 49.0
  264.0  3.0 49.0
  265.0  3.0 49.0
  266.0  3.0 49.0
  267.0  3.0 49.0
  268.0  3.0 49.0
  269.0  3.0 49.0
  270.0  3.0 49.0
  271.0  3.0 49.0
  272.0  3.0 49.0
  273.0  3.0 49.0
  274.0  3.0 49.0
  275.0  3.0 49.0
  276.0  3.0 49.0
  277.0  3.0 49.0
  278.0  3.0 49.0
  279.0  3.0 49.0
  280.0  3.0 49.0
  281.0  3.0 49.0
  282.0  3.0 49.0
  283.0  3.0 49.0
  284.0  3.0 49.0
  285.0  3.0 49.0
  286.0  3.0 49.0
  287.0  3.0 49.0
  288.0  3.0 49.0
  289.0  3.0 49.0
  290.0  3.0 49.0
  291.0  3.0 49.0
  292.0  3.0 49.0
  293.0  3.0 49.0
  294.0  3.0 49.0
  295.0  3.0 49.0
  296.0  3.0 49.0
  297.0  3.0 49.0
  298.0  3.0 49.0
  299.0  3.0 49.0
  200.0  4.0 49.0
  201.0  4.0 49.0
  202.0  4.0 49.0
  203.0  4.0 49.0
  204.0  4.0 49.0
  205.0  4.0 49.0
  206.0  4.0 49.0
  207.0  4.0 49.0
  208.0  4.0 49.0
  209.0  4.0 49.0
  210.0  4.0 49.0
  211.0  4.0 49.0
  212.0  4.0 49.0
  213.0  4.0 49.0
  214.0  4.0 49.0
  215.0  4.0 49.0
  216.0  4.0 49.0
  217.0  4.0 49.0
  218.0  4.0 49.0
  219.0  4.0 49.0
  220.0  4.0 49.0
  221.0  4.0 49.0
  222.0  4.0 49.0
  223.0  4.0 49.0
  224.0  4.0 49.0
  225.0  4.0 49.0
  226.0  4.0 49.0
  227.0  4.0 49.0
  228.0  4.0 49.0
  229.0  4.0 49.0
  230.0  4.0 49.0
  231.0  4.0 49.0
  232.0  4.0 49.0
  233.0  4.0 49.0
  234.0  4.0 49.0
  235.0  4.0 49.0
  236.0  4.0 49.0
  237.0  4.0 49.0
  238.0  4.0 49.0
  239.0  4.0 49.0
  240.0  4.0 49.0
  241.0  4.0 49.0
  242.0  4.0 49.0
  243.0  4.0 49.0
  244.0  4.0 49.0
  245.0  4.0 49.0
  246.0  4.0 49.0
  247.0  4.0 49.0
  248.0  4.0 49.0
  249.0  4.0 49.0
  250.0  4.0 49.0
  251.0  4.0 49.0
  252.0  4.0 49.0
  253.0  4.0 49.0
  254.0  4.0 49.0
  255.0  4.0 49.0
  256.0  4.0 49.0
  257.0  4.0 49.0
  258.0  4.0 49.0
  259.0  4.0 49.0
  260.0  4.0 49.0
  261.0  4.0 49.0
  262.0  4.0 49.0
  263.0  4.0 49.0
  264.0  4.0 49.0
  265.0  4.0 49.0
  266.0  4.0 49.0
  267.0  4.0 49.0
  268.0  4.0 49.0
  269.0  4.0 49.0
  270.0  4.0 49.0
  271.0  4.0 49.0
  272.0  4.0 49.0
  273.0  4.0 49.0
  274.0  4.0 49.0
  275.0  4.0 49.0
  276.0  4.0 49.0
  277.0  4.0 49.0
  278.0  4.0 49.0
  279.0  4.0 49.0
  280.0  4.0 49.0
  281.0  4.0 49.0
  282.0  4.0 49.0
  283.0  4.0 49.0
  284.0  4.0 49.0
  285.0  4.0 49.0
  286.0  4.0 49.0
  287.0  4.0 49.0
  288.0  4.0 49.0
  289.0  4.0 49.0
  290.0  4.0 49.0
  291.0  4.0 49.0
  292.0  4.0 49.0
  293.0  4.0 49.0
  294.0  4.0 49.0
  295.0  4.0 49.0
  296.0  4.0 49.0
  297.0  4.0 49.0
  298.0  4.0 49.0
  299.0  4.0 49.0
  200.0  5.0 49.0
  201.0  5.0 49.0
  202.0  5.0 49.0
  203.0  5.0 49.0
  204.0  5.0 49.0
  205.0  5.0 49.0
  206.0  5.0 49.0
  207.0  5.0 49.0
  208.0  5.0 49.0
  209.0  5.0 49.0
  210.0  5.0 49.0
  211.0  5.0 49.0
  212.0  5.0 49.0
  213.0  5.0 49.0
  214.0  5.0 49.0
  215.0  5.0 49.0
  216.0  5.0 49.0
  217.0  5.0 49.0
  218.0  5.0 49.0
  219.0  5.0 49.0
  220.0  5.0 49.0
  221.0  5.0 49.0
  222.0  5.0 49.0
  223.0  5.0 49.0
  224.0  5.0 49.0
  225.0  5.0 49.0
  226.0  5.0 49.0
  227.0  5.0 49.0
  228.0  5.0 49.0
  229.0  5.0 49.0
  230.0  5.0 49.0
  231.0  5.0 49.0
  232.0  5.0 49.0
  233.0  5.0 49.0
  234.0  5.0 49.0
  235.0  5.0 49.0
  236.0  5.0 49.0
  237.0  5.0 49.0
  238.0  5.0 49.0
  239.0  5.0 49.0
  240.0  5.0 49.0
  241.0  5.0 49.0
  242.0  5.0 49.0
  243.0  5.0 49.0
  244.0  5.0 49.0
  245.0  5.0 49.0
  246.0  5.0 49.0
  247.0  5.0 49.0
  248.0  5.0 49.0
  249.0  5.0 49.0
  250.0  5.0 49.0
  251.0  5.0 49.0
  252.0  5.0 49.0
  253.0  5.0 49.0
  254.0  5.0 49.0
  255.0  5.0 49.0
  256.0  5.0 49.0
  257.0  5.0 49.0
  258.0  5.0 49.0
  259.0  5.0 49.0
  260.0  5.0 49.0
  261.0  5.0 49.0
  262.0  5.0 49.0
  263.0  5.0 49.0
  264.0  5.0 49.0
  265.0  5.0 49.0
  266.0  5.0 49.0
  267.0  5.0 49.0
  268.0  5.0 49.0
  269.0  5.0 49.0
  270.0  5.0 49.0
  271.0  5.0 49.0
  272.0  5.0 49.0
  273.0  5.0 49.0
  274.0  5.0 49.0
  275.0  5.0 49.0
  276.0  5.0 49.0
  277.0  5.0 49.0
  278.0  5.0 49.0
  279.0  5.0 49.0
  280.0  5.0 49.0
  281.0  5.0 49.0
  282.0  5.0 49.0
  283.0  5.0 49.0
  284.0  5.0 49.0
  285.0  5.0 49.0
  286.0  5.0 49.0
  287.0  5.0 49.0
  288.0  5.0 49.0
  289.0  5.0 49.0
  290.0  5.0 49.0
  291.0  5.0 49.0
  292.0  5.0 49.0
  293.0  5.0 49.0
  294.0  5.0 49.0
  295.0  5.0 49.0
  296.0  5.0 49.0
  297.0  5.0 49.0
  298.0  5.0 49.0
  299.0  5.0 49.0
  200.0  6.0 49.0
  201.0  6.0 49.0
  202.0  6.0 49.0
  203.0  6.0 49.0
  204.0  6.0 49.0
  205.0  6.0 49.0
  206.0  6.0 49.0
  207.0  6.0 49.0
  208.0  6.0 49.0
  209.0  6.0 49.0
  210.0  6.0 49.0
  211.0  6.0 49.0
  212.0  6.0 49.0
  213.0  6.0 49.0
  214.0  6.0 49.0
  215.0  6.0 49.0
  216.0  6.0 49.0
  217.0  6.0 49.0
  218.0  6.0 49.0
  219.0  6.0 49.0
  220.0  6.0 49.0
  221.0  6.0 49.0
  222.0  6.0 49.0
  223.0  6.0 49.0
  224.0  6.0 49.0
  225.0  6.0 49.0
  226.0  6.0 49.0
  227.0  6.0 49.0
  228.0  6.0 49.0
  229.0  6.0 49.0
  230.0  6.0 49.0
  231.0  6.0 49.0
  232.0  6.0 49.0
  233.0  6.0 49.0
  234.0  6.0 49.0
  235.0  6.0 49.0
  236.0  6.0 49.0
  237.0  6.0 49.0
  238.0  6.0 49.0
  239.0  6.0 49.0
  240.0  6.0 49.0
  241.0  6.0 49.0
  242.0  6.0 49.0
  243.0  6.0 49.0
  244.0  6.0 49.0
  245.0  6.0 49.0
  246.0  6.0 49.0
  247.0  6.0 49.0
  248.0  6.0 49.0
  249.0  6.0 49.0
  250.0  6.0 49.0
  251.0  6.0 49.0
  252.0  6.0 49.0
  253.0  6.0 49.0
  254.0  6.0 49.0
  255.0  6.0 49.0
  256.0  6.0 49.0
  257.0  6.0 49.0
  258.0  6.0 49.0
  259.0  6.0 49.0
  260.0  6.0 49.0
  261.0  6.0 49.0
  262.0  6.0 49.0
  263.0  6.0 49.0
  264.0  6.0 49.0
  265.0  6.0 49.0
  266.0  6.0 49.0
  267.0  6.0 49.0
  268.0  6.0 49.0
  269.0  6.0 49.0
  270.0  6.0 49.0
  271.0  6.0 49.0
  272.0  6.0 49.0
  273.0  6.0 49.0
  274.0  6.0 49.0
  275.0  6.0 49.0
  276.0  6.0 49.0
  277.0  6.0 49.0
  278.0  6.0 49.0
  279.0  6.0 49.0
  280.0  6.0 49.0
  281.0  6.0 49.0
  282.0  6.0 49.0
  283.0  6.0 49.0
  284.0  6.0 49.0
  285.0  6.0 49.0
  286.0  6.0 49.0
  287.0  6.0 49.0
  288.0  6.0 49.0
  289.0  6.0 49.0
  290.0  6.0 49.0
  291.0  6.0 49.0
  292.0  6.0 49.0
  293.0  6.0 49.0
  294.0  6.0 49.0
  295.0  6.0 49.0
  296.0  6.0 49.0
  297.0  6.0 49.0
  298.0  6.0 49.0
  299.0  6.0 49.0
  300.0  1.0 49.0 
  301.0  1.0 49.0
  302.0  1.0 49.0
  303.0  1.0 49.0
  304.0  1.0 49.0
  305.0  1.0 49.0
  306.0  1.0 49.0
  307.0  1.0 49.0
  308.0  1.0 49.0
  309.0  1.0 49.0
  310.0  1.0 49.0
  311.0  1.0 49.0
  312.0  1.0 49.0
  313.0  1.0 49.0
  314.0  1.0 49.0
  315.0  1.0 49.0
  316.0  1.0 49.0
  317.0  1.0 49.0
  318.0  1.0 49.0
  319.0  1.0 49.0
  320.0  1.0 49.0
  321.0  1.0 49.0
  322.0  1.0 49.0
  323.0  1.0 49.0
  324.0  1.0 49.0
  325.0  1.0 49.0
  326.0  1.0 49.0
  327.0  1.0 49.0
  328.0  1.0 49.0
  329.0  1.0 49.0
  330.0  1.0 49.0
  331.0  1.0 49.0
  332.0  1.0 49.0
  333.0  1.0 49.0
  334.0  1.0 49.0
  335.0  1.0 49.0
  336.0  1.0 49.0
  337.0  1.0 49.0
  338.0  1.0 49.0
  339.0  1.0 49.0
  340.0  1.0 49.0
  341.0  1.0 49.0
  342.0  1.0 49.0
  343.0  1.0 49.0
  344.0  1.0 49.0
  345.0  1.0 49.0
  346.0  1.0 49.0
  347.0  1.0 49.0
  348.0  1.0 49.0
  349.0  1.0 49.0
  350.0  1.0 49.0
  351.0  1.0 49.0
  352.0  1.0 49.0
  353.0  1.0 49.0
  354.0  1.0 49.0
  355.0  1.0 49.0
  356.0  1.0 49.0
  357.0  1.0 49.0
  358.0  1.0 49.0
  359.0  1.0 49.0
  360.0  1.0 49.0
  361.0  1.0 49.0
  362.0  1.0 49.0
  363.0  1.0 49.0
  364.0  1.0 49.0
  365.0  1.0 49.0
  366.0  1.0 49.0
  367.0  1.0 49.0
  368.0  1.0 49.0
  369.0  1.0 49.0
  370.0  1.0 49.0
  371.0  1.0 49.0
  372.0  1.0 49.0
  373.0  1.0 49.0
  374.0  1.0 49.0
  375.0  1.0 49.0
  376.0  1.0 49.0
  377.0  1.0 49.0
  378.0  1.0 49.0
  379.0  1.0 49.0
  380.0  1.0 49.0
  381.0  1.0 49.0
  382.0  1.0 49.0
  383.0  1.0 49.0
  384.0  1.0 49.0
  385.0  1.0 49.0
  386.0  1.0 49.0
  387.0  1.0 49.0
  388.0  1.0 49.0
  389.0  1.0 49.0
  390.0  1.0 49.0
  391.0  1.0 49.0
  392.0  1.0 49.0
  393.0  1.0 49.0
  394.0  1.0 49.0
  395.0  1.0 49.0
  396.0  1.0 49.0
  397.0  1.0 49.0
  398.0  1.0 49.0
  399.0  1.0 49.0
  400.0  1.0 49.0
  300.0  2.0 49.0
  301.0  2.0 49.0
  302.0  2.0 49.0
  303.0  2.0 49.0
  304.0  2.0 49.0
  305.0  2.0 49.0
  306.0  2.0 49.0
  307.0  2.0 49.0
  308.0  2.0 49.0
  309.0  2.0 49.0
  310.0  2.0 49.0
  311.0  2.0 49.0
  312.0  2.0 49.0
  313.0  2.0 49.0
  314.0  2.0 49.0
  315.0  2.0 49.0
  316.0  2.0 49.0
  317.0  2.0 49.0
  318.0  2.0 49.0
  319.0  2.0 49.0
  320.0  2.0 49.0
  321.0  2.0 49.0
  322.0  2.0 49.0
  323.0  2.0 49.0
  324.0  2.0 49.0
  325.0  2.0 49.0
  326.0  2.0 49.0
  327.0  2.0 49.0
  328.0  2.0 49.0
  329.0  2.0 49.0
  330.0  2.0 49.0
  331.0  2.0 49.0
  332.0  2.0 49.0
  333.0  2.0 49.0
  334.0  2.0 49.0
  335.0  2.0 49.0
  336.0  2.0 49.0
  337.0  2.0 49.0
  338.0  2.0 49.0
  339.0  2.0 49.0
  340.0  2.0 49.0
  341.0  2.0 49.0
  342.0  2.0 49.0
  343.0  2.0 49.0
  344.0  2.0 49.0
  345.0  2.0 49.0
  346.0  2.0 49.0
  347.0  2.0 49.0
  348.0  2.0 49.0
  349.0  2.0 49.0
  350.0  2.0 49.0
  351.0  2.0 49.0
  352.0  2.0 49.0
  353.0  2.0 49.0
  354.0  2.0 49.0
  355.0  2.0 49.0
  356.0  2.0 49.0
  357.0  2.0 49.0
  358.0  2.0 49.0
  359.0  2.0 49.0
  360.0  2.0 49.0
  361.0  2.0 49.0
  362.0  2.0 49.0
  363.0  2.0 49.0
  364.0  2.0 49.0
  365.0  2.0 49.0
  366.0  2.0 49.0
  367.0  2.0 49.0
  368.0  2.0 49.0
  369.0  2.0 49.0
  370.0  2.0 49.0
  371.0  2.0 49.0
  372.0  2.0 49.0
  373.0  2.0 49.0
  374.0  2.0 49.0
  375.0  2.0 49.0
  376.0  2.0 49.0
  377.0  2.0 49.0
  378.0  2.0 49.0
  379.0  2.0 49.0
  380.0  2.0 49.0
  381.0  2.0 49.0
  382.0  2.0 49.0
  383.0  2.0 49.0
  384.0  2.0 49.0
  385.0  2.0 49.0
  386.0  2.0 49.0
  387.0  2.0 49.0
  388.0  2.0 49.0
  389.0  2.0 49.0
  390.0  2.0 49.0
  391.0  2.0 49.0
  392.0  2.0 49.0
  393.0  2.0 49.0
  394.0  2.0 49.0
  395.0  2.0 49.0
  396.0  2.0 49.0
  397.0  2.0 49.0
  398.0  2.0 49.0
  399.0  2.0 49.0
  400.0  2.0 49.0
  300.0  3.0 49.0
  301.0  3.0 49.0
  302.0  3.0 49.0
  303.0  3.0 49.0
  304.0  3.0 49.0
  305.0  3.0 49.0
  306.0  3.0 49.0
  307.0  3.0 49.0
  308.0  3.0 49.0
  309.0  3.0 49.0
  310.0  3.0 49.0
  311.0  3.0 49.0
  312.0  3.0 49.0
  313.0  3.0 49.0
  314.0  3.0 49.0
  315.0  3.0 49.0
  316.0  3.0 49.0
  317.0  3.0 49.0
  318.0  3.0 49.0
  319.0  3.0 49.0
  320.0  3.0 49.0
  321.0  3.0 49.0
  322.0  3.0 49.0
  323.0  3.0 49.0
  324.0  3.0 49.0
  325.0  3.0 49.0
  326.0  3.0 49.0
  327.0  3.0 49.0
  328.0  3.0 49.0
  329.0  3.0 49.0
  330.0  3.0 49.0
  331.0  3.0 49.0
  332.0  3.0 49.0
  333.0  3.0 49.0
  334.0  3.0 49.0
  335.0  3.0 49.0
  336.0  3.0 49.0
  337.0  3.0 49.0
  338.0  3.0 49.0
  339.0  3.0 49.0
  340.0  3.0 49.0
  341.0  3.0 49.0
  342.0  3.0 49.0
  343.0  3.0 49.0
  344.0  3.0 49.0
  345.0  3.0 49.0
  346.0  3.0 49.0
  347.0  3.0 49.0
  348.0  3.0 49.0
  349.0  3.0 49.0
  350.0  3.0 49.0
  351.0  3.0 49.0
  352.0  3.0 49.0
  353.0  3.0 49.0
  354.0  3.0 49.0
  355.0  3.0 49.0
  356.0  3.0 49.0
  357.0  3.0 49.0
  358.0  3.0 49.0
  359.0  3.0 49.0
  360.0  3.0 49.0
  361.0  3.0 49.0
  362.0  3.0 49.0
  363.0  3.0 49.0
  364.0  3.0 49.0
  365.0  3.0 49.0
  366.0  3.0 49.0
  367.0  3.0 49.0
  368.0  3.0 49.0
  369.0  3.0 49.0
  370.0  3.0 49.0
  371.0  3.0 49.0
  372.0  3.0 49.0
  373.0  3.0 49.0
  374.0  3.0 49.0
  375.0  3.0 49.0
  376.0  3.0 49.0
  377.0  3.0 49.0
  378.0  3.0 49.0
  379.0  3.0 49.0
  380.0  3.0 49.0
  381.0  3.0 49.0
  382.0  3.0 49.0
  383.0  3.0 49.0
  384.0  3.0 49.0
  385.0  3.0 49.0
  386.0  3.0 49.0
  387.0  3.0 49.0
  388.0  3.0 49.0
  389.0  3.0 49.0
  390.0  3.0 49.0
  391.0  3.0 49.0
  392.0  3.0 49.0
  393.0  3.0 49.0
  394.0  3.0 49.0
  395.0  3.0 49.0
  396.0  3.0 49.0
  397.0  3.0 49.0
  398.0  3.0 49.0
  399.0  3.0 49.0
  400.0  3.0 49.0
  300.0  4.0 49.0
  301.0  4.0 49.0
  302.0  4.0 49.0
  303.0  4.0 49.0
  304.0  4.0 49.0
  305.0  4.0 49.0
  306.0  4.0 49.0
  307.0  4.0 49.0
  308.0  4.0 49.0
  309.0  4.0 49.0
  310.0  4.0 49.0
  311.0  4.0 49.0
  312.0  4.0 49.0
  313.0  4.0 49.0
  314.0  4.0 49.0
  315.0  4.0 49.0
  316.0  4.0 49.0
  317.0  4.0 49.0
  318.0  4.0 49.0
  319.0  4.0 49.0
  320.0  4.0 49.0
  321.0  4.0 49.0
  322.0  4.0 49.0
  323.0  4.0 49.0
  324.0  4.0 49.0
  325.0  4.0 49.0
  326.0  4.0 49.0
  327.0  4.0 49.0
  328.0  4.0 49.0
  329.0  4.0 49.0
  330.0  4.0 49.0
  331.0  4.0 49.0
  332.0  4.0 49.0
  333.0  4.0 49.0
  334.0  4.0 49.0
  335.0  4.0 49.0
  336.0  4.0 49.0
  337.0  4.0 49.0
  338.0  4.0 49.0
  339.0  4.0 49.0
  340.0  4.0 49.0
  341.0  4.0 49.0
  342.0  4.0 49.0
  343.0  4.0 49.0
  344.0  4.0 49.0
  345.0  4.0 49.0
  346.0  4.0 49.0
  347.0  4.0 49.0
  348.0  4.0 49.0
  349.0  4.0 49.0
  350.0  4.0 49.0
  351.0  4.0 49.0
  352.0  4.0 49.0
  353.0  4.0 49.0
  354.0  4.0 49.0
  355.0  4.0 49.0
  356.0  4.0 49.0
  357.0  4.0 49.0
  358.0  4.0 49.0
  359.0  4.0 49.0
  360.0  4.0 49.0
  361.0  4.0 49.0
  362.0  4.0 49.0
  363.0  4.0 49.0
  364.0  4.0 49.0
  365.0  4.0 49.0
  366.0  4.0 49.0
  367.0  4.0 49.0
  368.0  4.0 49.0
  369.0  4.0 49.0
  370.0  4.0 49.0
  371.0  4.0 49.0
  372.0  4.0 49.0
  373.0  4.0 49.0
  374.0  4.0 49.0
  375.0  4.0 49.0
  376.0  4.0 49.0
  377.0  4.0 49.0
  378.0  4.0 49.0
  379.0  4.0 49.0
  380.0  4.0 49.0
  381.0  4.0 49.0
  382.0  4.0 49.0
  383.0  4.0 49.0
  384.0  4.0 49.0
  385.0  4.0 49.0
  386.0  4.0 49.0
  387.0  4.0 49.0
  388.0  4.0 49.0
  389.0  4.0 49.0
  390.0  4.0 49.0
  391.0  4.0 49.0
  392.0  4.0 49.0
  393.0  4.0 49.0
  394.0  4.0 49.0
  395.0  4.0 49.0
  396.0  4.0 49.0
  397.0  4.0 49.0
  398.0  4.0 49.0
  399.0  4.0 49.0
  400.0  4.0 49.0
  300.0  5.0 49.0
  301.0  5.0 49.0
  302.0  5.0 49.0
  303.0  5.0 49.0
  304.0  5.0 49.0
  305.0  5.0 49.0
  306.0  5.0 49.0
  307.0  5.0 49.0
  308.0  5.0 49.0
  309.0  5.0 49.0
  310.0  5.0 49.0
  311.0  5.0 49.0
  312.0  5.0 49.0
  313.0  5.0 49.0
  314.0  5.0 49.0
  315.0  5.0 49.0
  316.0  5.0 49.0
  317.0  5.0 49.0
  318.0  5.0 49.0
  319.0  5.0 49.0
  320.0  5.0 49.0
  321.0  5.0 49.0
  322.0  5.0 49.0
  323.0  5.0 49.0
  324.0  5.0 49.0
  325.0  5.0 49.0
  326.0  5.0 49.0
  327.0  5.0 49.0
  328.0  5.0 49.0
  329.0  5.0 49.0
  330.0  5.0 49.0
  331.0  5.0 49.0
  332.0  5.0 49.0
  333.0  5.0 49.0
  334.0  5.0 49.0
  335.0  5.0 49.0
  336.0  5.0 49.0
  337.0  5.0 49.0
  338.0  5.0 49.0
  339.0  5.0 49.0
  340.0  5.0 49.0
  341.0  5.0 49.0
  342.0  5.0 49.0
  343.0  5.0 49.0
  344.0  5.0 49.0
  345.0  5.0 49.0
  346.0  5.0 49.0
  347.0  5.0 49.0
  348.0  5.0 49.0
  349.0  5.0 49.0
  350.0  5.0 49.0
  351.0  5.0 49.0
  352.0  5.0 49.0
  353.0  5.0 49.0
  354.0  5.0 49.0
  355.0  5.0 49.0
  356.0  5.0 49.0
  357.0  5.0 49.0
  358.0  5.0 49.0
  359.0  5.0 49.0
  360.0  5.0 49.0
  361.0  5.0 49.0
  362.0  5.0 49.0
  363.0  5.0 49.0
  364.0  5.0 49.0
  365.0  5.0 49.0
  366.0  5.0 49.0
  367.0  5.0 49.0
  368.0  5.0 49.0
  369.0  5.0 49.0
  370.0  5.0 49.0
  371.0  5.0 49.0
  372.0  5.0 49.0
  373.0  5.0 49.0
  374.0  5.0 49.0
  375.0  5.0 49.0
  376.0  5.0 49.0
  377.0  5.0 49.0
  378.0  5.0 49.0
  379.0  5.0 49.0
  380.0  5.0 49.0
  381.0  5.0 49.0
  382.0  5.0 49.0
  383.0  5.0 49.0
  384.0  5.0 49.0
  385.0  5.0 49.0
  386.0  5.0 49.0
  387.0  5.0 49.0
  388.0  5.0 49.0
  389.0  5.0 49.0
  390.0  5.0 49.0
  391.0  5.0 49.0
  392.0  5.0 49.0
  393.0  5.0 49.0
  394.0  5.0 49.0
  395.0  5.0 49.0
  396.0  5.0 49.0
  397.0  5.0 49.0
  398.0  5.0 49.0
  399.0  5.0 49.0
  400.0  5.0 49.0
  300.0  6.0 49.0
  301.0  6.0 49.0
  302.0  6.0 49.0
  303.0  6.0 49.0
  304.0  6.0 49.0
  305.0  6.0 49.0
  306.0  6.0 49.0
  307.0  6.0 49.0
  308.0  6.0 49.0
  309.0  6.0 49.0
  310.0  6.0 49.0
  311.0  6.0 49.0
  312.0  6.0 49.0
  313.0  6.0 49.0
  314.0  6.0 49.0
  315.0  6.0 49.0
  316.0  6.0 49.0
  317.0  6.0 49.0
  318.0  6.0 49.0
  319.0  6.0 49.0
  320.0  6.0 49.0
  321.0  6.0 49.0
  322.0  6.0 49.0
  323.0  6.0 49.0
  324.0  6.0 49.0
  325.0  6.0 49.0
  326.0  6.0 49.0
  327.0  6.0 49.0
  328.0  6.0 49.0
  329.0  6.0 49.0
  330.0  6.0 49.0
  331.0  6.0 49.0
  332.0  6.0 49.0
  333.0  6.0 49.0
  334.0  6.0 49.0
  335.0  6.0 49.0
  336.0  6.0 49.0
  337.0  6.0 49.0
  338.0  6.0 49.0
  339.0  6.0 49.0
  340.0  6.0 49.0
  341.0  6.0 49.0
  342.0  6.0 49.0
  343.0  6.0 49.0
  344.0  6.0 49.0
  345.0  6.0 49.0
  346.0  6.0 49.0
  347.0  6.0 49.0
  348.0  6.0 49.0
  349.0  6.0 49.0
  350.0  6.0 49.0
  351.0  6.0 49.0
  352.0  6.0 49.0
  353.0  6.0 49.0
  354.0  6.0 49.0
  355.0  6.0 49.0
  356.0  6.0 49.0
  357.0  6.0 49.0
  358.0  6.0 49.0
  359.0  6.0 49.0
  360.0  6.0 49.0
  361.0  6.0 49.0
  362.0  6.0 49.0
  363.0  6.0 49.0
  364.0  6.0 49.0
  365.0  6.0 49.0
  366.0  6.0 49.0
  367.0  6.0 49.0
  368.0  6.0 49.0
  369.0  6.0 49.0
  370.0  6.0 49.0
  371.0  6.0 49.0
  372.0  6.0 49.0
  373.0  6.0 49.0
  374.0  6.0 49.0
  375.0  6.0 49.0
  376.0  6.0 49.0
  377.0  6.0 49.0
  378.0  6.0 49.0
  379.0  6.0 49.0
  380.0  6.0 49.0
  381.0  6.0 49.0
  382.0  6.0 49.0
  383.0  6.0 49.0
  384.0  6.0 49.0
  385.0  6.0 49.0
  386.0  6.0 49.0
  387.0  6.0 49.0
  388.0  6.0 49.0
  389.0  6.0 49.0
  390.0  6.0 49.0
  391.0  6.0 49.0
  392.0  6.0 49.0
  393.0  6.0 49.0
  394.0  6.0 49.0
  395.0  6.0 49.0
  396.0  6.0 49.0
  397.0  6.0 49.0
  398.0  6.0 49.0
  399.0  6.0 49.0
  400.0  6.0 49.0
       2.0     7.0 49.0
       3.0     7.0 49.0
       3.0     8.0 49.0
       3.0     9.0 49.0
       3.0    10.0 49.0
       3.0    11.0 49.0
       3.0    12.0 49.0
       3.0    13.0 49.0
       4.0     7.0 49.0
       4.0     8.0 49.0
       4.0     9.0 49.0
       4.0    10.0 49.0
       5.0     7.0 49.0
       5.0     8.0 49.0
       5.0     9.0 49.0
       5.0    10.0 49.0
       5.0    11.0 49.0
       6.0     7.0 49.0
       6.0     8.0 49.0
       8.0     7.0 49.0
       8.0     8.0 49.0
       8.0     9.0 49.0
       8.0    10.0 49.0
       8.0    11.0 49.0
       8.0    12.0 49.0
       9.0     7.0 49.0
       9.0     8.0 49.0
       9.0     9.0 49.0
       9.0    10.0 49.0
       9.0    11.0 49.0
       9.0    12.0 49.0
      10.0     7.0 49.0
      10.0     8.0 49.0
      10.0     9.0 49.0
      10.0    10.0 49.0
      10.0    11.0 49.0
      10.0    12.0 49.0
      10.0    13.0 49.0
      10.0    14.0 49.0
      10.0    15.0 49.0
      11.0     7.0 49.0
      11.0     8.0 49.0
      11.0     9.0 49.0
      12.0     7.0 49.0
      12.0     8.0 49.0
      12.0     9.0 49.0
      12.0    10.0 49.0
      12.0    11.0 49.0
      13.0     7.0 49.0
      13.0     8.0 49.0
      13.0     9.0 49.0
      13.0    10.0 49.0
      13.0    11.0 49.0
      13.0    12.0 49.0
      13.0    13.0 49.0
      13.0    14.0 49.0
      16.0     7.0 49.0
      16.0     8.0 49.0
      16.0     9.0 49.0
      16.0    10.0 49.0
      16.0    11.0 49.0
      17.0     7.0 49.0
      17.0     8.0 49.0
      17.0     9.0 49.0
      17.0    10.0 49.0
      17.0    11.0 49.0
      17.0    12.0 49.0
      19.0     7.0 49.0
      19.0     8.0 49.0
      19.0     9.0 49.0
      21.0     7.0 49.0
      21.0     8.0 49.0
      21.0     9.0 49.0
      21.0    10.0 49.0
      22.0     7.0 49.0
      22.0     8.0 49.0
      22.0     9.0 49.0
      22.0    10.0 49.0
      22.0    11.0 49.0
      22.0    12.0 49.0
      23.0     7.0 49.0
      23.0     8.0 49.0
      23.0     9.0 49.0
      23.0    10.0 49.0
      23.0    11.0 49.0
      24.0     7.0 49.0
      24.0     8.0 49.0
      24.0     9.0 49.0
      24.0    10.0 49.0
      24.0    11.0 49.0
      24.0    12.0 49.0
      24.0    13.0 49.0
      24.0    14.0 49.0
      24.0    15.0 49.0
      25.0     7.0 49.0
      25.0     8.0 49.0
      25.0     9.0 49.0
      25.0    10.0 49.0
      25.0    11.0 49.0
      25.0    12.0 49.0
      25.0    13.0 49.0
      25.0    14.0 49.0
      26.0     7.0 49.0
      26.0     8.0 49.0
      26.0     9.0 49.0
      26.0    10.0 49.0
      26.0    11.0 49.0
      28.0     7.0 49.0
      28.0     8.0 49.0
      28.0     9.0 49.0
      28.0    10.0 49.0
      28.0    11.0 49.0
      28.0    12.0 49.0
      29.0     7.0 49.0
      29.0     8.0 49.0
      29.0     9.0 49.0
      29.0    10.0 49.0
      30.0     7.0 49.0
      30.0     8.0 49.0
      30.0     9.0 49.0
      30.0    10.0 49.0
      30.0    11.0 49.0
      30.0    12.0 49.0
      30.0    13.0 49.0
      31.0     7.0 49.0
      31.0     8.0 49.0
      31.0     9.0 49.0
      31.0    10.0 49.0
      31.0    11.0 49.0
      31.0    12.0 49.0
      31.0    13.0 49.0
      31.0    14.0 49.0
      31.0    15.0 49.0
      32.0     7.0 49.0
      32.0     8.0 49.0
      32.0     9.0 49.0
      32.0    10.0 49.0
      32.0    11.0 49.0
      32.0    12.0 49.0
      32.0    13.0 49.0
      33.0     7.0 49.0
      33.0     8.0 49.0
      35.0     7.0 49.0
      35.0     8.0 49.0
      35.0     9.0 49.0
      35.0    10.0 49.0
      35.0    11.0 49.0
      35.0    12.0 49.0
      35.0    13.0 49.0
      36.0     7.0 49.0
      36.0     8.0 49.0
      36.0     9.0 49.0
      37.0     7.0 49.0
      37.0     8.0 49.0
      37.0     9.0 49.0
      37.0    10.0 49.0
      37.0    11.0 49.0
      37.0    12.0 49.0
      38.0     7.0 49.0
      38.0     8.0 49.0
      38.0     9.0 49.0
      38.0    10.0 49.0
      38.0    11.0 49.0
      38.0    12.0 49.0
      38.0    13.0 49.0
      39.0     7.0 49.0
      39.0     8.0 49.0
      39.0     9.0 49.0
      39.0    10.0 49.0
      39.0    11.0 49.0
      39.0    12.0 49.0
      39.0    13.0 49.0
      39.0    14.0 49.0
      39.0    15.0 49.0
      40.0     7.0 49.0
      40.0     8.0 49.0
      40.0     9.0 49.0
      41.0     7.0 49.0
      41.0     8.0 49.0
      42.0     7.0 49.0
      42.0     8.0 49.0
      42.0     9.0 49.0
      42.0    10.0 49.0
      42.0    11.0 49.0
      42.0    12.0 49.0
      42.0    13.0 49.0
      42.0    14.0 49.0
      42.0    15.0 49.0
      43.0     7.0 49.0
      43.0     8.0 49.0
      43.0     9.0 49.0
      43.0    10.0 49.0
      43.0    11.0 49.0
      43.0    12.0 49.0
      43.0    13.0 49.0
      44.0     7.0 49.0
      44.0     8.0 49.0
      44.0     9.0 49.0
      44.0    10.0 49.0
      44.0    11.0 49.0
      44.0    12.0 49.0
      44.0    13.0 49.0
      45.0     7.0 49.0
      45.0     8.0 49.0
      45.0     9.0 49.0
      45.0    10.0 49.0
      45.0    11.0 49.0
      45.0    12.0 49.0
      47.0     7.0 49.0
      47.0     8.0 49.0
      47.0     9.0 49.0
      47.0    10.0 49.0
      47.0    11.0 49.0
      47.0    12.0 49.0
      48.0     7.0 49.0
      48.0     8.0 49.0
      48.0     9.0 49.0
      48.0    10.0 49.0
      48.0    11.0 49.0
      48.0    12.0 49.0
      48.0    13.0 49.0
      48.0    14.0 49.0
      49.0     7.0 49.0
      49.0     8.0 49.0
      50.0     7.0 49.0
      50.0     8.0 49.0
      50.0     9.0 49.0
      50.0    10.0 49.0
      51.0     7.0 49.0
      51.0     8.0 49.0
      51.0     9.0 49.0
      51.0    10.0 49.0
      51.0    11.0 49.0
      51.0    12.0 49.0
      51.0    13.0 49.0
      52.0     7.0 49.0
      52.0     8.0 49.0
      52.0     9.0 49.0
      52.0    10.0 49.0
      53.0     7.0 49.0
      53.0     8.0 49.0
      54.0     7.0 49.0
      54.0     8.0 49.0
      55.0     7.0 49.0
      55.0     8.0 49.0
      55.0     9.0 49.0
      56.0     7.0 49.0
      57.0     7.0 49.0
      57.0     8.0 49.0
      57.0     9.0 49.0
      57.0    10.0 49.0
      58.0     7.0 49.0
      58.0     8.0 49.0
      58.0     9.0 49.0
      58.0    10.0 49.0
      58.0    11.0 49.0
      58.0    12.0 49.0
      58.0    13.0 49.0
      58.0    14.0 49.0
      59.0     7.0 49.0
      59.0     8.0 49.0
      59.0     9.0 49.0
      59.0    10.0 49.0
      59.0    11.0 49.0
      59.0    12.0 49.0
      59.0    13.0 49.0
      59.0    14.0 49.0
      59.0    15.0 49.0
      61.0     7.0 49.0
      61.0     8.0 49.0
      61.0     9.0 49.0
      61.0    10.0 49.0
      61.0    11.0 49.0
      61.0    12.0 49.0
      61.0    13.0 49.0
      61.0    14.0 49.0
      61.0    15.0 49.0
      62.0     7.0 49.0
      62.0     8.0 49.0
      62.0     9.0 49.0
      62.0    10.0 49.0
      62.0    11.0 49.0
      63.0     7.0 49.0
      63.0     8.0 49.0
      63.0     9.0 49.0
      63.0    10.0 49.0
      63.0    11.0 49.0
      64.0     7.0 49.0
      64.0     8.0 49.0
      64.0     9.0 49.0
      65.0     7.0 49.0
      65.0     8.0 49.0
      65.0     9.0 49.0
      65.0    10.0 49.0
      65.0    11.0 49.0
      65.0    12.0 49.0
      65.0    13.0 49.0
      65.0    14.0 49.0
      65.0    15.0 49.0
      66.0     7.0 49.0
      66.0     8.0 49.0
      66.0     9.0 49.0
      66.0    10.0 49.0
      67.0     7.0 49.0
      67.0     8.0 49.0
      69.0     7.0 49.0
      69.0     8.0 49.0
      69.0     9.0 49.0
      69.0    10.0 49.0
      69.0    11.0 49.0
      69.0    12.0 49.0
      69.0    13.0 49.0
      69.0    14.0 49.0
      69.0    15.0 49.0
      71.0     7.0 49.0
      71.0     8.0 49.0
      71.0     9.0 49.0
      71.0    10.0 49.0
      71.0    11.0 49.0
      72.0     7.0 49.0
      72.0     8.0 49.0
      72.0     9.0 49.0
      73.0     7.0 49.0
      73.0     8.0 49.0
      74.0     7.0 49.0
      74.0     8.0 49.0
      74.0     9.0 49.0
      74.0    10.0 49.0
      74.0    11.0 49.0
      74.0    12.0 49.0
      74.0    13.0 49.0
      74.0    14.0 49.0
      74.0    15.0 49.0
      75.0     7.0 49.0
      75.0     8.0 49.0
      75.0     9.0 49.0
      75.0    10.0 49.0
      75.0    11.0 49.0
      76.0     7.0 49.0
      76.0     8.0 49.0
      76.0     9.0 49.0
      76.0    10.0 49.0
      77.0     7.0 49.0
      77.0     8.0 49.0
      77.0     9.0 49.0
      77.0    10.0 49.0
      77.0    11.0 49.0
      77.0    12.0 49.0
      77.0    13.0 49.0
      77.0    14.0 49.0
      77.0    15.0 49.0
      79.0     7.0 49.0
      79.0     8.0 49.0
      79.0     9.0 49.0
      79.0    10.0 49.0
      79.0    11.0 49.0
      79.0    12.0 49.0
      79.0    13.0 49.0
      80.0     7.0 49.0
      80.0     8.0 49.0
      80.0     9.0 49.0
      80.0    10.0 49.0
      80.0    11.0 49.0
      80.0    12.0 49.0
      80.0    13.0 49.0
      81.0     7.0 49.0
      81.0     8.0 49.0
      81.0     9.0 49.0
      81.0    10.0 49.0
      81.0    11.0 49.0
      81.0    12.0 49.0
      81.0    13.0 49.0
      81.0    14.0 49.0
      82.0     7.0 49.0
      84.0     7.0 49.0
      84.0     8.0 49.0
      84.0     9.0 49.0
      84.0    10.0 49.0
      84.0    11.0 49.0
      84.0    12.0 49.0
      85.0     7.0 49.0
      85.0     8.0 49.0
      85.0     9.0 49.0
      85.0    10.0 49.0
      85.0    11.0 49.0
      85.0    12.0 49.0
      85.0    13.0 49.0
      85.0    14.0 49.0
      86.0     7.0 49.0
      86.0     8.0 49.0
      86.0     9.0 49.0
      86.0    10.0 49.0
      86.0    11.0 49.0
      86.0    12.0 49.0
      87.0     7.0 49.0
      87.0     8.0 49.0
      87.0     9.0 49.0
      87.0    10.0 49.0
      87.0    11.0 49.0
      87.0    12.0 49.0
      87.0    13.0 49.0
      88.0     7.0 49.0
      88.0     8.0 49.0
      88.0     9.0 49.0
      88.0    10.0 49.0
      88.0    11.0 49.0
      88.0    12.0 49.0
      88.0    13.0 49.0
      89.0     7.0 49.0
      89.0     8.0 49.0
      89.0     9.0 49.0
      89.0    10.0 49.0
      89.0    11.0 49.0
      89.0    12.0 49.0
      89.0    13.0 49.0
      89.0    14.0 49.0
      89.0    15.0 49.0
      90.0     7.0 49.0
      90.0     8.0 49.0
      90.0     9.0 49.0
      90.0    10.0 49.0
      90.0    11.0 49.0
      90.0    12.0 49.0
      90.0    13.0 49.0
      90.0    14.0 49.0
      91.0     7.0 49.0
      91.0     8.0 49.0
      92.0     7.0 49.0
      92.0     8.0 49.0
      92.0     9.0 49.0
      93.0     7.0 49.0
      93.0     8.0 49.0
      93.0     9.0 49.0
      94.0     7.0 49.0
      94.0     8.0 49.0
      94.0     9.0 49.0
      94.0    10.0 49.0
      94.0    11.0 49.0
      95.0     7.0 49.0
      95.0     8.0 49.0
      95.0     9.0 49.0
      95.0    10.0 49.0
      95.0    11.0 49.0
      96.0     7.0 49.0
      96.0     8.0 49.0
      96.0     9.0 49.0
      96.0    10.0 49.0
      96.0    11.0 49.0
      96.0    12.0 49.0
      96.0    13.0 49.0
      96.0    14.0 49.0
      97.0     7.0 49.0
      97.0     8.0 49.0
      97.0     9.0 49.0
      97.0    10.0 49.0
      98.0     7.0 49.0
      98.0     8.0 49.0
      98.0     9.0 49.0
      98.0    10.0 49.0
      98.0    11.0 49.0
      98.0    12.0 49.0
      98.0    13.0 49.0
      98.0    14.0 49.0
      99.0     7.0 49.0
      99.0     8.0 49.0
     100.0     7.0 49.0
     100.0     8.0 49.0
     100.0     9.0 49.0
     100.0    10.0 49.0
     101.0     7.0 49.0
     101.0     8.0 49.0
     101.0     9.0 49.0
     101.0    10.0 49.0
     101.0    11.0 49.0
     102.0     7.0 49.0
     102.0     8.0 49.0
     102.0     9.0 49.0
     102.0    10.0 49.0
     103.0     7.0 49.0
     103.0     8.0 49.0
     104.0     7.0 49.0
     105.0     7.0 49.0
     106.0     7.0 49.0
     106.0     8.0 49.0
     106.0     9.0 49.0
     106.0    10.0 49.0
     106.0    11.0 49.0
     107.0     7.0 49.0
     107.0     8.0 49.0
     107.0     9.0 49.0
     107.0    10.0 49.0
     107.0    11.0 49.0
     107.0    12.0 49.0
     107.0    13.0 49.0
     107.0    14.0 49.0
     109.0     7.0 49.0
     109.0     8.0 49.0
     109.0     9.0 49.0
     109.0    10.0 49.0
     109.0    11.0 49.0
     110.0     7.0 49.0
     110.0     8.0 49.0
     110.0     9.0 49.0
     110.0    10.0 49.0
     111.0     7.0 49.0
     111.0     8.0 49.0
     111.0     9.0 49.0
     111.0    10.0 49.0
     111.0    11.0 49.0
     111.0    12.0 49.0
     111.0    13.0 49.0
     111.0    14.0 49.0
     111.0    15.0 49.0
     112.0     7.0 49.0
     112.0     8.0 49.0
     112.0     9.0 49.0
     112.0    10.0 49.0
     112.0    11.0 49.0
     112.0    12.0 49.0
     112.0    13.0 49.0
     113.0     7.0 49.0
     113.0     8.0 49.0
     113.0     9.0 49.0
     113.0    10.0 49.0
     113.0    11.0 49.0
     114.0     7.0 49.0
     114.0     8.0 49.0
     114.0     9.0 49.0
     114.0    10.0 49.0
     114.0    11.0 49.0
     114.0    12.0 49.0
     114.0    13.0 49.0
     114.0    14.0 49.0
     115.0     7.0 49.0
     115.0     8.0 49.0
     115.0     9.0 49.0
     115.0    10.0 49.0
     115.0    11.0 49.0
     115.0    12.0 49.0
     116.0     7.0 49.0
     116.0     8.0 49.0
     116.0     9.0 49.0
     116.0    10.0 49.0
     116.0    11.0 49.0
     116.0    12.0 49.0
     116.0    13.0 49.0
     116.0    14.0 49.0
     117.0     7.0 49.0
     118.0     7.0 49.0
     118.0     8.0 49.0
     119.0     7.0 49.0
     119.0     8.0 49.0
     119.0     9.0 49.0
     119.0    10.0 49.0
     119.0    11.0 49.0
     119.0    12.0 49.0
     119.0    13.0 49.0
     120.0     7.0 49.0
     122.0     7.0 49.0
     122.0     8.0 49.0
     124.0     7.0 49.0
     124.0     8.0 49.0
     124.0     9.0 49.0
     124.0    10.0 49.0
     126.0     7.0 49.0
     126.0     8.0 49.0
     126.0     9.0 49.0
     126.0    10.0 49.0
     126.0    11.0 49.0
     126.0    12.0 49.0
     126.0    13.0 49.0
     127.0     7.0 49.0
     127.0     8.0 49.0
     127.0     9.0 49.0
     127.0    10.0 49.0
     127.0    11.0 49.0
     127.0    12.0 49.0
     127.0    13.0 49.0
     127.0    14.0 49.0
     127.0    15.0 49.0
     128.0     7.0 49.0
     128.0     8.0 49.0
     129.0     7.0 49.0
     130.0     7.0 49.0
     130.0     8.0 49.0
     130.0     9.0 49.0
     131.0     7.0 49.0
     131.0     8.0 49.0
     131.0     9.0 49.0
     131.0    10.0 49.0
     131.0    11.0 49.0
     131.0    12.0 49.0
     131.0    13.0 49.0
     131.0    14.0 49.0
     132.0     7.0 49.0
     132.0     8.0 49.0
     132.0     9.0 49.0
     132.0    10.0 49.0
     132.0    11.0 49.0
     132.0    12.0 49.0
     133.0     7.0 49.0
     134.0     7.0 49.0
     134.0     8.0 49.0
     134.0     9.0 49.0
     134.0    10.0 49.0
     134.0    11.0 49.0
     134.0    12.0 49.0
     135.0     7.0 49.0
     135.0     8.0 49.0
     135.0     9.0 49.0
     136.0     7.0 49.0
     136.0     8.0 49.0
     136.0     9.0 49.0
     137.0     7.0 49.0
     137.0     8.0 49.0
     137.0     9.0 49.0
     137.0    10.0 49.0
     138.0     7.0 49.0
     139.0     7.0 49.0
     139.0     8.0 49.0
     139.0     9.0 49.0
     139.0    10.0 49.0
     139.0    11.0 49.0
     140.0     7.0 49.0
     140.0     8.0 49.0
     140.0     9.0 49.0
     140.0    10.0 49.0
     140.0    11.0 49.0
     140.0    12.0 49.0
     140.0    13.0 49.0
     140.0    14.0 49.0
     141.0     7.0 49.0
     141.0     8.0 49.0
     141.0     9.0 49.0
     141.0    10.0 49.0
     141.0    11.0 49.0
     142.0     7.0 49.0
     142.0     8.0 49.0
     142.0     9.0 49.0
     142.0    10.0 49.0
     142.0    11.0 49.0
     142.0    12.0 49.0
     142.0    13.0 49.0
     142.0    14.0 49.0
     142.0    15.0 49.0
     143.0     7.0 49.0
     143.0     8.0 49.0
     143.0     9.0 49.0
     143.0    10.0 49.0
     143.0    11.0 49.0
     144.0     7.0 49.0
     145.0     7.0 49.0
     145.0     8.0 49.0
     145.0     9.0 49.0
     145.0    10.0 49.0
     145.0    11.0 49.0
     145.0    12.0 49.0
     145.0    13.0 49.0
     145.0    14.0 49.0
     145.0    15.0 49.0
     146.0     7.0 49.0
     146.0     8.0 49.0
     146.0     9.0 49.0
     146.0    10.0 49.0
     147.0     7.0 49.0
     148.0     7.0 49.0
     148.0     8.0 49.0
     148.0     9.0 49.0
     148.0    10.0 49.0
     148.0    11.0 49.0
     149.0     7.0 49.0
     149.0     8.0 49.0
     150.0     7.0 49.0
     150.0     8.0 49.0
     150.0     9.0 49.0
     150.0    10.0 49.0
     151.0     7.0 49.0
     151.0     8.0 49.0
     151.0     9.0 49.0
     151.0    10.0 49.0
     152.0     7.0 49.0
     152.0     8.0 49.0
     152.0     9.0 49.0
     152.0    10.0 49.0
     152.0    11.0 49.0
     152.0    12.0 49.0
     152.0    13.0 49.0
     152.0    14.0 49.0
     152.0    15.0 49.0
     153.0     7.0 49.0
     154.0     7.0 49.0
     155.0     7.0 49.0
     155.0     8.0 49.0
     155.0     9.0 49.0
     156.0     7.0 49.0
     156.0     8.0 49.0
     156.0     9.0 49.0
     156.0    10.0 49.0
     156.0    11.0 49.0
     156.0    12.0 49.0
     157.0     7.0 49.0
     158.0     7.0 49.0
     158.0     8.0 49.0
     158.0     9.0 49.0
     158.0    10.0 49.0
     158.0    11.0 49.0
     158.0    12.0 49.0
     159.0     7.0 49.0
     159.0     8.0 49.0
     159.0     9.0 49.0
     159.0    10.0 49.0
     159.0    11.0 49.0
     159.0    12.0 49.0
     160.0     7.0 49.0
     160.0     8.0 49.0
     160.0     9.0 49.0
     160.0    10.0 49.0
     160.0    11.0 49.0
     160.0    12.0 49.0
     160.0    13.0 49.0
     160.0    14.0 49.0
     161.0     7.0 49.0
     161.0     8.0 49.0
     162.0     7.0 49.0
     162.0     8.0 49.0
     162.0     9.0 49.0
     162.0    10.0 49.0
     163.0     7.0 49.0
     163.0     8.0 49.0
     163.0     9.0 49.0
     164.0     7.0 49.0
     164.0     8.0 49.0
     166.0     7.0 49.0
     166.0     8.0 49.0
     166.0     9.0 49.0
     166.0    10.0 49.0
     166.0    11.0 49.0
     166.0    12.0 49.0
     166.0    13.0 49.0
     166.0    14.0 49.0
     166.0    15.0 49.0
     167.0     7.0 49.0
     167.0     8.0 49.0
     167.0     9.0 49.0
     167.0    10.0 49.0
     168.0     7.0 49.0
     169.0     7.0 49.0
     169.0     8.0 49.0
     169.0     9.0 49.0
     169.0    10.0 49.0
     169.0    11.0 49.0
     169.0    12.0 49.0
     169.0    13.0 49.0
     169.0    14.0 49.0
     169.0    15.0 49.0
     170.0     7.0 49.0
     170.0     8.0 49.0
     170.0     9.0 49.0
     170.0    10.0 49.0
     171.0     7.0 49.0
     172.0     7.0 49.0
     172.0     8.0 49.0
     172.0     9.0 49.0
     172.0    10.0 49.0
     172.0    11.0 49.0
     172.0    12.0 49.0
     172.0    13.0 49.0
     172.0    14.0 49.0
     174.0     7.0 49.0
     176.0     7.0 49.0
     176.0     8.0 49.0
     176.0     9.0 49.0
     177.0     7.0 49.0
     177.0     8.0 49.0
     178.0     7.0 49.0
     179.0     7.0 49.0
     179.0     8.0 49.0
     179.0     9.0 49.0
     179.0    10.0 49.0
     179.0    11.0 49.0
     179.0    12.0 49.0
     179.0    13.0 49.0
     180.0     7.0 49.0
     180.0     8.0 49.0
     180.0     9.0 49.0
     180.0    10.0 49.0
     181.0     7.0 49.0
     181.0     8.0 49.0
     181.0     9.0 49.0
     182.0     7.0 49.0
     182.0     8.0 49.0
     182.0     9.0 49.0
     182.0    10.0 49.0
     183.0     7.0 49.0
     183.0     8.0 49.0
     183.0     9.0 49.0
     183.0    10.0 49.0
     183.0    11.0 49.0
     183.0    12.0 49.0
     183.0    13.0 49.0
     183.0    14.0 49.0
     184.0     7.0 49.0
     184.0     8.0 49.0
     184.0     9.0 49.0
     184.0    10.0 49.0
     184.0    11.0 49.0
     184.0    12.0 49.0
     184.0    13.0 49.0
     184.0    14.0 49.0
     184.0    15.0 49.0
     185.0     7.0 49.0
     185.0     8.0 49.0
     185.0     9.0 49.0
     185.0    10.0 49.0
     185.0    11.0 49.0
     185.0    12.0 49.0
     186.0     7.0 49.0
     186.0     8.0 49.0
     187.0     7.0 49.0
     187.0     8.0 49.0
     187.0     9.0 49.0
     187.0    10.0 49.0
     187.0    11.0 49.0
     187.0    12.0 49.0
     188.0     7.0 49.0
     188.0     8.0 49.0
     188.0     9.0 49.0
     188.0    10.0 49.0
     188.0    11.0 49.0
     188.0    12.0 49.0
     188.0    13.0 49.0
     188.0    14.0 49.0
     188.0    15.0 49.0
     189.0     7.0 49.0
     189.0     8.0 49.0
     190.0     7.0 49.0
     190.0     8.0 49.0
     190.0     9.0 49.0
     190.0    10.0 49.0
     190.0    11.0 49.0
     190.0    12.0 49.0
     190.0    13.0 49.0
     190.0    14.0 49.0
     191.0     7.0 49.0
     191.0     8.0 49.0
     191.0     9.0 49.0
     191.0    10.0 49.0
     192.0     7.0 49.0
     192.0     8.0 49.0
     192.0     9.0 49.0
     192.0    10.0 49.0
     192.0    11.0 49.0
     193.0     7.0 49.0
     193.0     8.0 49.0
     193.0     9.0 49.0
     193.0    10.0 49.0
     193.0    11.0 49.0
     193.0    12.0 49.0
     194.0     7.0 49.0
     194.0     8.0 49.0
     194.0     9.0 49.0
     194.0    10.0 49.0
     194.0    11.0 49.0
     194.0    12.0 49.0
     194.0    13.0 49.0
     194.0    14.0 49.0
     195.0     7.0 49.0
     195.0     8.0 49.0
     195.0     9.0 49.0
     195.0    10.0 49.0
     195.0    11.0 49.0
     195.0    12.0 49.0
     195.0    13.0 49.0
     196.0     7.0 49.0
     196.0     8.0 49.0
     196.0     9.0 49.0
     196.0    10.0 49.0
     197.0     7.0 49.0
     197.0     8.0 49.0
     197.0     9.0 49.0
     197.0    10.0 49.0
     197.0    11.0 49.0
     197.0    12.0 49.0
     197.0    13.0 49.0
     197.0    14.0 49.0
     197.0    15.0 49.0
     198.0     7.0 49.0
     198.0     8.0 49.0
     198.0     9.0 49.0
     198.0    10.0 49.0
     198.0    11.0 49.0
     198.0    12.0 49.0
     199.0     7.0 49.0
     199.0     8.0 49.0
     199.0     9.0 49.0
     199.0    10.0 49.0
     200.0     7.0 49.0
     200.0     8.0 49.0
     200.0     9.0 49.0
     200.0    10.0 49.0
     200.0    11.0 49.0
     200.0    12.0 49.0
     200.0    13.0 49.0
     200.0    14.0 49.0
     201.0     7.0 49.0
     201.0     8.0 49.0
     201.0     9.0 49.0
     201.0    10.0 49.0
     201.0    11.0 49.0
     201.0    12.0 49.0
     202.0     7.0 49.0
     202.0     8.0 49.0
     202.0     9.0 49.0
     202.0    10.0 49.0
     202.0    11.0 49.0
     202.0    12.0 49.0
     202.0    13.0 49.0
     203.0     7.0 49.0
     203.0     8.0 49.0
     203.0     9.0 49.0
     203.0    10.0 49.0
     203.0    11.0 49.0
     203.0    12.0 49.0
     203.0    13.0 49.0
     203.0    14.0 49.0
     203.0    15.0 49.0
     204.0     7.0 49.0
     204.0     8.0 49.0
     204.0     9.0 49.0
     204.0    10.0 49.0
     204.0    11.0 49.0
     204.0    12.0 49.0
     204.0    13.0 49.0
     204.0    14.0 49.0
     204.0    15.0 49.0
     205.0     7.0 49.0
     205.0     8.0 49.0
     205.0     9.0 49.0
     205.0    10.0 49.0
     205.0    11.0 49.0
     205.0    12.0 49.0
     205.0    13.0 49.0
     205.0    14.0 49.0
     206.0     7.0 49.0
     206.0     8.0 49.0
     207.0     7.0 49.0
     207.0     8.0 49.0
     207.0     9.0 49.0
     207.0    10.0 49.0
     207.0    11.0 49.0
     208.0     7.0 49.0
     208.0     8.0 49.0
     208.0     9.0 49.0
     208.0    10.0 49.0
     208.0    11.0 49.0
     209.0     7.0 49.0
     210.0     7.0 49.0
     210.0     8.0 49.0
     210.0     9.0 49.0
     210.0    10.0 49.0
     211.0     7.0 49.0
     211.0     8.0 49.0
     211.0     9.0 49.0
     211.0    10.0 49.0
     211.0    11.0 49.0
     212.0     7.0 49.0
     212.0     8.0 49.0
     212.0     9.0 49.0
     212.0    10.0 49.0
     212.0    11.0 49.0
     212.0    12.0 49.0
     212.0    13.0 49.0
     212.0    14.0 49.0
     213.0     7.0 49.0
     213.0     8.0 49.0
     213.0     9.0 49.0
     213.0    10.0 49.0
     214.0     7.0 49.0
     214.0     8.0 49.0
     214.0     9.0 49.0
     214.0    10.0 49.0
     214.0    11.0 49.0
     214.0    12.0 49.0
     214.0    13.0 49.0
     215.0     7.0 49.0
     215.0     8.0 49.0
     215.0     9.0 49.0
     215.0    10.0 49.0
     215.0    11.0 49.0
     215.0    12.0 49.0
     215.0    13.0 49.0
     215.0    14.0 49.0
     216.0     7.0 49.0
     216.0     8.0 49.0
     216.0     9.0 49.0
     216.0    10.0 49.0
     216.0    11.0 49.0
     216.0    12.0 49.0
     216.0    13.0 49.0
     217.0     7.0 49.0
     217.0     8.0 49.0
     217.0     9.0 49.0
     217.0    10.0 49.0
     217.0    11.0 49.0
     217.0    12.0 49.0
     217.0    13.0 49.0
     217.0    14.0 49.0
     218.0     7.0 49.0
     218.0     8.0 49.0
     218.0     9.0 49.0
     218.0    10.0 49.0
     218.0    11.0 49.0
     218.0    12.0 49.0
     218.0    13.0 49.0
     219.0     7.0 49.0
     219.0     8.0 49.0
     219.0     9.0 49.0
     219.0    10.0 49.0
     219.0    11.0 49.0
     219.0    12.0 49.0
     219.0    13.0 49.0
     221.0     7.0 49.0
     221.0     8.0 49.0
     221.0     9.0 49.0
     221.0    10.0 49.0
     221.0    11.0 49.0
     221.0    12.0 49.0
     221.0    13.0 49.0
     221.0    14.0 49.0
     222.0     7.0 49.0
     222.0     8.0 49.0
     222.0     9.0 49.0
     222.0    10.0 49.0
     222.0    11.0 49.0
     223.0     7.0 49.0
     223.0     8.0 49.0
     223.0     9.0 49.0
     223.0    10.0 49.0
     225.0     7.0 49.0
     225.0     8.0 49.0
     225.0     9.0 49.0
     225.0    10.0 49.0
     225.0    11.0 49.0
     225.0    12.0 49.0
     225.0    13.0 49.0
     226.0     7.0 49.0
     226.0     8.0 49.0
     226.0     9.0 49.0
     226.0    10.0 49.0
     227.0     7.0 49.0
     227.0     8.0 49.0
     227.0     9.0 49.0
     227.0    10.0 49.0
     227.0    11.0 49.0
     227.0    12.0 49.0
     228.0     7.0 49.0
     228.0     8.0 49.0
     228.0     9.0 49.0
     228.0    10.0 49.0
     228.0    11.0 49.0
     228.0    12.0 49.0
     229.0     7.0 49.0
     230.0     7.0 49.0
     230.0     8.0 49.0
     230.0     9.0 49.0
     230.0    10.0 49.0
     230.0    11.0 49.0
     230.0    12.0 49.0
     230.0    13.0 49.0
     230.0    14.0 49.0
     230.0    15.0 49.0
     231.0     7.0 49.0
     231.0     8.0 49.0
     231.0     9.0 49.0
     231.0    10.0 49.0
     231.0    11.0 49.0
     231.0    12.0 49.0
     231.0    13.0 49.0
     231.0    14.0 49.0
     232.0     7.0 49.0
     232.0     8.0 49.0
     232.0     9.0 49.0
     232.0    10.0 49.0
     232.0    11.0 49.0
     232.0    12.0 49.0
     232.0    13.0 49.0
     232.0    14.0 49.0
     233.0     7.0 49.0
     233.0     8.0 49.0
     233.0     9.0 49.0
     233.0    10.0 49.0
     233.0    11.0 49.0
     234.0     7.0 49.0
     235.0     7.0 49.0
     235.0     8.0 49.0
     235.0     9.0 49.0
     235.0    10.0 49.0
     236.0     7.0 49.0
     236.0     8.0 49.0
     236.0     9.0 49.0
     236.0    10.0 49.0
     236.0    11.0 49.0
     236.0    12.0 49.0
     236.0    13.0 49.0
     236.0    14.0 49.0
     236.0    15.0 49.0
     237.0     7.0 49.0
     237.0     8.0 49.0
     238.0     7.0 49.0
     238.0     8.0 49.0
     238.0     9.0 49.0
     238.0    10.0 49.0
     239.0     7.0 49.0
     239.0     8.0 49.0
     239.0     9.0 49.0
     240.0     7.0 49.0
     240.0     8.0 49.0
     240.0     9.0 49.0
     240.0    10.0 49.0
     240.0    11.0 49.0
     241.0     7.0 49.0
     241.0     8.0 49.0
     241.0     9.0 49.0
     241.0    10.0 49.0
     241.0    11.0 49.0
     241.0    12.0 49.0
     241.0    13.0 49.0
     241.0    14.0 49.0
     242.0     7.0 49.0
     242.0     8.0 49.0
     242.0     9.0 49.0
     242.0    10.0 49.0
     243.0     7.0 49.0
     243.0     8.0 49.0
     243.0     9.0 49.0
     243.0    10.0 49.0
     244.0     7.0 49.0
     244.0     8.0 49.0
     244.0     9.0 49.0
     244.0    10.0 49.0
     244.0    11.0 49.0
     244.0    12.0 49.0
     244.0    13.0 49.0
     244.0    14.0 49.0
     245.0     7.0 49.0
     245.0     8.0 49.0
     245.0     9.0 49.0
     246.0     7.0 49.0
     246.0     8.0 49.0
     247.0     7.0 49.0
     247.0     8.0 49.0
     247.0     9.0 49.0
     247.0    10.0 49.0
     247.0    11.0 49.0
     247.0    12.0 49.0
     247.0    13.0 49.0
     247.0    14.0 49.0
     247.0    15.0 49.0
     248.0     7.0 49.0
     249.0     7.0 49.0
     249.0     8.0 49.0
     249.0     9.0 49.0
     249.0    10.0 49.0
     249.0    11.0 49.0
     249.0    12.0 49.0
     250.0     7.0 49.0
     250.0     8.0 49.0
     250.0     9.0 49.0
     250.0    10.0 49.0
     250.0    11.0 49.0
     250.0    12.0 49.0
     253.0     7.0 49.0
     253.0     8.0 49.0
     253.0     9.0 49.0
     253.0    10.0 49.0
     253.0    11.0 49.0
     253.0    12.0 49.0
     253.0    13.0 49.0
     254.0     7.0 49.0
     254.0     8.0 49.0
     254.0     9.0 49.0
     254.0    10.0 49.0
     254.0    11.0 49.0
     254.0    12.0 49.0
     254.0    13.0 49.0
     255.0     7.0 49.0
     255.0     8.0 49.0
     255.0     9.0 49.0
     256.0     7.0 49.0
     256.0     8.0 49.0
     256.0     9.0 49.0
     256.0    10.0 49.0
     257.0     7.0 49.0
     257.0     8.0 49.0
     257.0     9.0 49.0
     257.0    10.0 49.0
     257.0    11.0 49.0
     257.0    12.0 49.0
     258.0     7.0 49.0
     258.0     8.0 49.0
     258.0     9.0 49.0
     258.0    10.0 49.0
     258.0    11.0 49.0
     258.0    12.0 49.0
     259.0     7.0 49.0
     259.0     8.0 49.0
     260.0     7.0 49.0
     260.0     8.0 49.0
     260.0     9.0 49.0
     260.0    10.0 49.0
     260.0    11.0 49.0
     260.0    12.0 49.0
     260.0    13.0 49.0
     260.0    14.0 49.0
     261.0     7.0 49.0
     261.0     8.0 49.0
     261.0     9.0 49.0
     261.0    10.0 49.0
     261.0    11.0 49.0
     261.0    12.0 49.0
     261.0    13.0 49.0
     262.0     7.0 49.0
     262.0     8.0 49.0
     262.0     9.0 49.0
     262.0    10.0 49.0
     262.0    11.0 49.0
     262.0    12.0 49.0
     262.0    13.0 49.0
     262.0    14.0 49.0
     265.0     7.0 49.0
     265.0     8.0 49.0
     265.0     9.0 49.0
     265.0    10.0 49.0
     265.0    11.0 49.0
     265.0    12.0 49.0
     265.0    13.0 49.0
     266.0     7.0 49.0
     266.0     8.0 49.0
     266.0     9.0 49.0
     266.0    10.0 49.0
     266.0    11.0 49.0
     266.0    12.0 49.0
     267.0     7.0 49.0
     267.0     8.0 49.0
     268.0     7.0 49.0
     268.0     8.0 49.0
     270.0     7.0 49.0
     270.0     8.0 49.0
     270.0     9.0 49.0
     271.0     7.0 49.0
     271.0     8.0 49.0
     271.0     9.0 49.0
     271.0    10.0 49.0
     271.0    11.0 49.0
     271.0    12.0 49.0
     271.0    13.0 49.0
     271.0    14.0 49.0
     271.0    15.0 49.0
     272.0     7.0 49.0
     272.0     8.0 49.0
     272.0     9.0 49.0
     272.0    10.0 49.0
     272.0    11.0 49.0
     272.0    12.0 49.0
     272.0    13.0 49.0
     272.0    14.0 49.0
     272.0    15.0 49.0
     273.0     7.0 49.0
     273.0     8.0 49.0
     273.0     9.0 49.0
     274.0     7.0 49.0
     274.0     8.0 49.0
     275.0     7.0 49.0
     275.0     8.0 49.0
     275.0     9.0 49.0
     275.0    10.0 49.0
     275.0    11.0 49.0
     275.0    12.0 49.0
     276.0     7.0 49.0
     276.0     8.0 49.0
     277.0     7.0 49.0
     277.0     8.0 49.0
     277.0     9.0 49.0
     277.0    10.0 49.0
     277.0    11.0 49.0
     277.0    12.0 49.0
     277.0    13.0 49.0
     278.0     7.0 49.0
     278.0     8.0 49.0
     278.0     9.0 49.0
     278.0    10.0 49.0
     278.0    11.0 49.0
     278.0    12.0 49.0
     278.0    13.0 49.0
     279.0     7.0 49.0
     279.0     8.0 49.0
     279.0     9.0 49.0
     279.0    10.0 49.0
     280.0     7.0 49.0
     280.0     8.0 49.0
     281.0     7.0 49.0
     283.0     7.0 49.0
     284.0     7.0 49.0
     284.0     8.0 49.0
     284.0     9.0 49.0
     284.0    10.0 49.0
     284.0    11.0 49.0
     284.0    12.0 49.0
     284.0    13.0 49.0
     284.0    14.0 49.0
     284.0    15.0 49.0
     285.0     7.0 49.0
     285.0     8.0 49.0
     286.0     7.0 49.0
     286.0     8.0 49.0
     286.0     9.0 49.0
     286.0    10.0 49.0
     286.0    11.0 49.0
     286.0    12.0 49.0
     286.0    13.0 49.0
     286.0    14.0 49.0
     287.0     7.0 49.0
     288.0     7.0 49.0
     288.0     8.0 49.0
     288.0     9.0 49.0
     289.0     7.0 49.0
     289.0     8.0 49.0
     289.0     9.0 49.0
     289.0    10.0 49.0
     289.0    11.0 49.0
     289.0    12.0 49.0
     290.0     7.0 49.0
     291.0     7.0 49.0
     291.0     8.0 49.0
     291.0     9.0 49.0
     291.0    10.0 49.0
     291.0    11.0 49.0
     291.0    12.0 49.0
     291.0    13.0 49.0
     291.0    14.0 49.0
     292.0     7.0 49.0
     293.0     7.0 49.0
     293.0     8.0 49.0
     293.0     9.0 49.0
     293.0    10.0 49.0
     293.0    11.0 49.0
     293.0    12.0 49.0
     293.0    13.0 49.0
     293.0    14.0 49.0
     293.0    15.0 49.0
     294.0     7.0 49.0
     294.0     8.0 49.0
     295.0     7.0 49.0
     295.0     8.0 49.0
     296.0     7.0 49.0
     297.0     7.0 49.0
     297.0     8.0 49.0
     298.0     7.0 49.0
     298.0     8.0 49.0
     298.0     9.0 49.0
     298.0    10.0 49.0
     298.0    11.0 49.0
     298.0    12.0 49.0
     299.0     7.0 49.0
     299.0     8.0 49.0
     299.0     9.0 49.0
     299.0    10.0 49.0
     299.0    11.0 49.0
     299.0    12.0 49.0
     300.0     7.0 49.0
     300.0     8.0 49.0
     300.0     9.0 49.0
     300.0    10.0 49.0
     300.0    11.0 49.0
     300.0    12.0 49.0
     300.0    13.0 49.0
     301.0     7.0 49.0
     301.0     8.0 49.0
     301.0     9.0 49.0
     301.0    10.0 49.0
     301.0    11.0 49.0
     301.0    12.0 49.0
     302.0     7.0 49.0
     302.0     8.0 49.0
     302.0     9.0 49.0
     302.0    10.0 49.0
     302.0    11.0 49.0
     302.0    12.0 49.0
     302.0    13.0 49.0
     303.0     7.0 49.0
     303.0     8.0 49.0
     303.0     9.0 49.0
     303.0    10.0 49.0
     303.0    11.0 49.0
     303.0    12.0 49.0
     304.0     7.0 49.0
     304.0     8.0 49.0
     304.0     9.0 49.0
     304.0    10.0 49.0
     304.0    11.0 49.0
     304.0    12.0 49.0
     306.0     7.0 49.0
     306.0     8.0 49.0
     306.0     9.0 49.0
     306.0    10.0 49.0
     306.0    11.0 49.0
     307.0     7.0 49.0
     307.0     8.0 49.0
     308.0     7.0 49.0
     308.0     8.0 49.0
     308.0     9.0 49.0
     309.0     7.0 49.0
     309.0     8.0 49.0
     309.0     9.0 49.0
     309.0    10.0 49.0
     309.0    11.0 49.0
     309.0    12.0 49.0
     310.0     7.0 49.0
     311.0     7.0 49.0
     311.0     8.0 49.0
     311.0     9.0 49.0
     311.0    10.0 49.0
     311.0    11.0 49.0
     311.0    12.0 49.0
     311.0    13.0 49.0
     312.0     7.0 49.0
     312.0     8.0 49.0
     312.0     9.0 49.0
     312.0    10.0 49.0
     312.0    11.0 49.0
     313.0     7.0 49.0
     313.0     8.0 49.0
     313.0     9.0 49.0
     313.0    10.0 49.0
     313.0    11.0 49.0
     314.0     7.0 49.0
     314.0     8.0 49.0
     314.0     9.0 49.0
     314.0    10.0 49.0
     314.0    11.0 49.0
     315.0     7.0 49.0
     315.0     8.0 49.0
     315.0     9.0 49.0
     316.0     7.0 49.0
     316.0     8.0 49.0
     316.0     9.0 49.0
     316.0    10.0 49.0
     316.0    11.0 49.0
     316.0    12.0 49.0
     316.0    13.0 49.0
     317.0     7.0 49.0
     318.0     7.0 49.0
     319.0     7.0 49.0
     319.0     8.0 49.0
     319.0     9.0 49.0
     319.0    10.0 49.0
     320.0     7.0 49.0
     320.0     8.0 49.0
     320.0     9.0 49.0
     320.0    10.0 49.0
     320.0    11.0 49.0
     320.0    12.0 49.0
     320.0    13.0 49.0
     320.0    14.0 49.0
     321.0     7.0 49.0
     321.0     8.0 49.0
     321.0     9.0 49.0
     321.0    10.0 49.0
     321.0    11.0 49.0
     321.0    12.0 49.0
     321.0    13.0 49.0
     321.0    14.0 49.0
     322.0     7.0 49.0
     322.0     8.0 49.0
     322.0     9.0 49.0
     322.0    10.0 49.0
     322.0    11.0 49.0
     323.0     7.0 49.0
     323.0     8.0 49.0
     323.0     9.0 49.0
     323.0    10.0 49.0
     323.0    11.0 49.0
     323.0    12.0 49.0
     323.0    13.0 49.0
     324.0     7.0 49.0
     324.0     8.0 49.0
     324.0     9.0 49.0
     325.0     7.0 49.0
     326.0     7.0 49.0
     326.0     8.0 49.0
     326.0     9.0 49.0
     326.0    10.0 49.0
     326.0    11.0 49.0
     327.0     7.0 49.0
     327.0     8.0 49.0
     327.0     9.0 49.0
     328.0     7.0 49.0
     328.0     8.0 49.0
     328.0     9.0 49.0
     328.0    10.0 49.0
     328.0    11.0 49.0
     329.0     7.0 49.0
     329.0     8.0 49.0
     329.0     9.0 49.0
     329.0    10.0 49.0
     329.0    11.0 49.0
     330.0     7.0 49.0
     330.0     8.0 49.0
     330.0     9.0 49.0
     330.0    10.0 49.0
     331.0     7.0 49.0
     331.0     8.0 49.0
     332.0     7.0 49.0
     332.0     8.0 49.0
     332.0     9.0 49.0
     333.0     7.0 49.0
     333.0     8.0 49.0
     333.0     9.0 49.0
     334.0     7.0 49.0
     334.0     8.0 49.0
     334.0     9.0 49.0
     334.0    10.0 49.0
     335.0     7.0 49.0
     335.0     8.0 49.0
     335.0     9.0 49.0
     335.0    10.0 49.0
     336.0     7.0 49.0
     336.0     8.0 49.0
     336.0     9.0 49.0
     337.0     7.0 49.0
     337.0     8.0 49.0
     339.0     7.0 49.0
     339.0     8.0 49.0
     339.0     9.0 49.0
     340.0     7.0 49.0
     340.0     8.0 49.0
     341.0     7.0 49.0
     341.0     8.0 49.0
     341.0     9.0 49.0
     341.0    10.0 49.0
     341.0    11.0 49.0
     341.0    12.0 49.0
     342.0     7.0 49.0
     342.0     8.0 49.0
     342.0     9.0 49.0
     342.0    10.0 49.0
     342.0    11.0 49.0
     342.0    12.0 49.0
     343.0     7.0 49.0
     343.0     8.0 49.0
     343.0     9.0 49.0
     343.0    10.0 49.0
     343.0    11.0 49.0
     344.0     7.0 49.0
     344.0     8.0 49.0
     344.0     9.0 49.0
     344.0    10.0 49.0
     344.0    11.0 49.0
     344.0    12.0 49.0
     344.0    13.0 49.0
     345.0     7.0 49.0
     345.0     8.0 49.0
     345.0     9.0 49.0
     345.0    10.0 49.0
     345.0    11.0 49.0
     345.0    12.0 49.0
     345.0    13.0 49.0
     346.0     7.0 49.0
     346.0     8.0 49.0
     346.0     9.0 49.0
     346.0    10.0 49.0
     346.0    11.0 49.0
     346.0    12.0 49.0
     346.0    13.0 49.0
     346.0    14.0 49.0
     346.0    15.0 49.0
     347.0     7.0 49.0
     347.0     8.0 49.0
     347.0     9.0 49.0
     347.0    10.0 49.0
     348.0     7.0 49.0
     348.0     8.0 49.0
     348.0     9.0 49.0
     348.0    10.0 49.0
     348.0    11.0 49.0
     348.0    12.0 49.0
     348.0    13.0 49.0
     348.0    14.0 49.0
     348.0    15.0 49.0
     349.0     7.0 49.0
     349.0     8.0 49.0
     349.0     9.0 49.0
     350.0     7.0 49.0
     350.0     8.0 49.0
     350.0     9.0 49.0
     350.0    10.0 49.0
     351.0     7.0 49.0
     351.0     8.0 49.0
     351.0     9.0 49.0
     351.0    10.0 49.0
     351.0    11.0 49.0
     352.0     7.0 49.0
     352.0     8.0 49.0
     352.0     9.0 49.0
     352.0    10.0 49.0
     352.0    11.0 49.0
     352.0    12.0 49.0
     353.0     7.0 49.0
     353.0     8.0 49.0
     353.0     9.0 49.0
     353.0    10.0 49.0
     354.0     7.0 49.0
     354.0     8.0 49.0
     354.0     9.0 49.0
     354.0    10.0 49.0
     354.0    11.0 49.0
     354.0    12.0 49.0
     355.0     7.0 49.0
     355.0     8.0 49.0
     355.0     9.0 49.0
     355.0    10.0 49.0
     355.0    11.0 49.0
     355.0    12.0 49.0
     355.0    13.0 49.0
     355.0    14.0 49.0
     355.0    15.0 49.0
     356.0     7.0 49.0
     357.0     7.0 49.0
     357.0     8.0 49.0
     357.0     9.0 49.0
     357.0    10.0 49.0
     357.0    11.0 49.0
     357.0    12.0 49.0
     358.0     7.0 49.0
     358.0     8.0 49.0
     358.0     9.0 49.0
     359.0     7.0 49.0
     359.0     8.0 49.0
     359.0     9.0 49.0
     359.0    10.0 49.0
     359.0    11.0 49.0
     360.0     7.0 49.0
     360.0     8.0 49.0
     360.0     9.0 49.0
     360.0    10.0 49.0
     360.0    11.0 49.0
     361.0     7.0 49.0
     361.0     8.0 49.0
     361.0     9.0 49.0
     361.0    10.0 49.0
     361.0    11.0 49.0
     361.0    12.0 49.0
     361.0    13.0 49.0
     361.0    14.0 49.0
     363.0     7.0 49.0
     363.0     8.0 49.0
     364.0     7.0 49.0
     364.0     8.0 49.0
     364.0     9.0 49.0
     364.0    10.0 49.0
     364.0    11.0 49.0
     364.0    12.0 49.0
     365.0     7.0 49.0
     365.0     8.0 49.0
     365.0     9.0 49.0
     365.0    10.0 49.0
     365.0    11.0 49.0
     366.0     7.0 49.0
     366.0     8.0 49.0
     366.0     9.0 49.0
     366.0    10.0 49.0
     366.0    11.0 49.0
     366.0    12.0 49.0
     366.0    13.0 49.0
     366.0    14.0 49.0
     366.0    15.0 49.0
     367.0     7.0 49.0
     367.0     8.0 49.0
     368.0     7.0 49.0
     368.0     8.0 49.0
     368.0     9.0 49.0
     368.0    10.0 49.0
     368.0    11.0 49.0
     368.0    12.0 49.0
     368.0    13.0 49.0
     368.0    14.0 49.0
     368.0    15.0 49.0
     369.0     7.0 49.0
     369.0     8.0 49.0
     370.0     7.0 49.0
     370.0     8.0 49.0
     370.0     9.0 49.0
     370.0    10.0 49.0
     370.0    11.0 49.0
     370.0    12.0 49.0
     370.0    13.0 49.0
     370.0    14.0 49.0
     371.0     7.0 49.0
     371.0     8.0 49.0
     371.0     9.0 49.0
     371.0    10.0 49.0
     371.0    11.0 49.0
     371.0    12.0 49.0
     372.0     7.0 49.0
     372.0     8.0 49.0
     372.0     9.0 49.0
     372.0    10.0 49.0
     373.0     7.0 49.0
     373.0     8.0 49.0
     373.0     9.0 49.0
     373.0    10.0 49.0
     373.0    11.0 49.0
     373.0    12.0 49.0
     373.0    13.0 49.0
     373.0    14.0 49.0
     375.0     7.0 49.0
     376.0     7.0 49.0
     376.0     8.0 49.0
     376.0     9.0 49.0
     376.0    10.0 49.0
     376.0    11.0 49.0
     376.0    12.0 49.0
     376.0    13.0 49.0
     377.0     7.0 49.0
     377.0     8.0 49.0
     377.0     9.0 49.0
     377.0    10.0 49.0
     377.0    11.0 49.0
     377.0    12.0 49.0
     377.0    13.0 49.0
     378.0     7.0 49.0
     378.0     8.0 49.0
     378.0     9.0 49.0
     378.0    10.0 49.0
     379.0     7.0 49.0
     379.0     8.0 49.0
     379.0     9.0 49.0
     379.0    10.0 49.0
     379.0    11.0 49.0
     380.0     7.0 49.0
     380.0     8.0 49.0
     380.0     9.0 49.0
     380.0    10.0 49.0
     380.0    11.0 49.0
     380.0    12.0 49.0
     380.0    13.0 49.0
     381.0     7.0 49.0
     381.0     8.0 49.0
     381.0     9.0 49.0
     381.0    10.0 49.0
     381.0    11.0 49.0
     381.0    12.0 49.0
     381.0    13.0 49.0
     381.0    14.0 49.0
     381.0    15.0 49.0
     382.0     7.0 49.0
     382.0     8.0 49.0
     382.0     9.0 49.0
     382.0    10.0 49.0
     382.0    11.0 49.0
     382.0    12.0 49.0
     383.0     7.0 49.0
     383.0     8.0 49.0
     384.0     7.0 49.0
     384.0     8.0 49.0
     384.0     9.0 49.0
     384.0    10.0 49.0
     384.0    11.0 49.0
     384.0    12.0 49.0
     384.0    13.0 49.0
     385.0     7.0 49.0
     387.0     7.0 49.0
     387.0     8.0 49.0
     387.0     9.0 49.0
     387.0    10.0 49.0
     389.0     7.0 49.0
     390.0     7.0 49.0
     390.0     8.0 49.0
     390.0     9.0 49.0
     390.0    10.0 49.0
     390.0    11.0 49.0
     390.0    12.0 49.0
     390.0    13.0 49.0
     390.0    14.0 49.0
     390.0    15.0 49.0
     391.0     7.0 49.0
     391.0     8.0 49.0
     391.0     9.0 49.0
     391.0    10.0 49.0
     391.0    11.0 49.0
     391.0    12.0 49.0
     391.0    13.0 49.0
     392.0     7.0 49.0
     392.0     8.0 49.0
     392.0     9.0 49.0
     392.0    10.0 49.0
     392.0    11.0 49.0
     392.0    12.0 49.0
     392.0    13.0 49.0
     393.0     7.0 49.0
     393.0     8.0 49.0
     393.0     9.0 49.0
     393.0    10.0 49.0
     395.0     7.0 49.0
     395.0     8.0 49.0
     395.0     9.0 49.0
     395.0    10.0 49.0
     395.0    11.0 49.0
     396.0     7.0 49.0
     396.0     8.0 49.0
     396.0     9.0 49.0
     396.0    10.0 49.0
     396.0    11.0 49.0
     398.0     7.0 49.0
     398.0     8.0 49.0
     398.0     9.0 49.0
     398.0    10.0 49.0
     398.0    11.0 49.0
     399.0     7.0 49.0
     399.0     8.0 49.0
     399.0     9.0 49.0
     400.0     7.0 49.0
     400.0     8.0 49.0
